# This file contains positions of particles in units [Mpc/h].
1.911928	93.511232
0.107815	233.424975
1.683289	1.438733
1.951275	81.554606
2.869326	250.977421
11.599697	43.074178
5.252816	46.689023
8.301236	125.579726
9.190522	216.286332
8.527545	234.632682
8.761628	245.003877
3.018819	9.634290
4.984293	19.888194
6.584170	29.472202
7.751358	38.879356
11.123931	50.605241
10.028031	45.654072
7.174408	52.164845
5.790634	62.779660
6.471941	74.816189
5.793293	82.028560
3.826396	88.115376
5.477285	98.058682
1.552530	98.498637
5.724641	114.828384
10.179856	130.792014
7.964074	131.438926
0.897276	138.706685
0.191543	156.421924
3.024595	163.931459
4.464585	167.674718
4.289203	179.049859
2.463536	188.112365
5.283251	189.983282
4.598065	199.064783
6.281241	210.417060
6.850102	217.382070
10.765761	126.239607
8.636486	132.249979
12.014167	44.772457
15.525690	44.256807
14.169679	53.964987
13.534861	117.735039
19.817735	232.325940
17.189925	244.416793
16.642496	253.052371
17.385281	251.850534
20.065894	9.834134
20.827823	22.469492
18.743985	25.646980
15.231282	41.798798
15.611604	50.282432
14.422155	50.046646
11.522326	62.209753
13.258149	76.117937
9.963868	77.934061
11.947473	91.024612
10.557202	95.384742
16.781110	116.655861
13.742181	121.679555
10.100074	131.177538
12.143716	130.858041
16.113742	135.655779
13.572743	166.089178
14.502534	170.120665
12.830577	175.385834
9.549494	186.004770
9.033965	194.013096
14.261321	200.788061
14.821639	210.013292
18.753911	222.745322
20.786241	250.149661
29.447090	21.490229
27.551999	23.974813
19.026899	46.135307
21.756224	47.746846
20.863283	118.769928
23.909170	226.906184
23.912998	241.827324
21.267902	252.324187
21.923468	253.691746
31.467742	8.905640
30.510270	22.309114
29.427679	23.335522
28.104725	37.793010
19.286986	45.435235
17.459623	47.720814
17.683195	62.477128
16.923975	74.607690
16.988044	78.016066
14.964550	90.452151
19.204797	117.363361
21.511222	120.843966
20.061245	127.684264
20.013798	137.347704
28.185735	140.628056
31.403283	154.329546
28.699491	163.301305
22.642488	166.016010
21.694560	175.891812
25.949258	185.982510
25.949043	194.435336
26.782924	204.542206
28.276761	211.159877
26.871936	224.961838
24.410685	224.954787
22.867316	232.329434
23.916068	245.211193
19.074899	253.870121
39.206975	9.708433
35.459809	201.012302
29.459142	217.802479
30.008979	224.016550
29.576541	233.319900
30.132813	242.835188
30.723130	250.106586
38.150838	1.911674
40.955358	9.788343
35.804756	16.052464
30.493168	24.304762
30.248952	33.754870
27.216661	43.673360
26.182482	48.010437
29.447477	63.678254
28.739718	74.234254
27.514427	76.166339
27.899308	90.745731
29.544902	119.760418
27.135984	119.328309
26.756257	127.295645
28.128066	139.902741
32.255655	153.660416
33.156230	162.361637
36.513114	164.449942
38.316204	179.268066
37.694772	186.708673
39.063774	196.012003
40.342931	204.230195
35.240791	207.172501
31.639385	222.793927
30.626467	224.854555
32.513411	232.498352
30.075397	252.237683
33.323317	1.017702
34.446679	9.054409
32.551836	18.635892
38.201003	206.676305
33.093233	206.071386
38.062960	149.220324
40.530300	163.029757
42.026554	199.160435
43.007090	206.430153
39.292618	218.387777
38.578567	223.507868
36.349192	233.956190
37.171457	248.940178
36.935733	255.443623
40.101412	7.608337
40.441732	12.756050
40.526289	20.623649
40.649183	53.009402
43.372049	63.858864
39.772917	70.883008
38.470884	100.570246
38.383531	114.071246
37.042782	120.295821
42.734677	130.190483
43.434245	139.236314
39.383066	147.426995
43.984746	156.593132
44.616162	162.868696
42.939377	167.556851
42.076702	176.984912
41.892895	187.822451
43.455394	196.967126
39.318201	201.389325
41.869161	206.214426
40.178495	217.996092
34.668464	224.118741
36.040620	241.863266
35.285210	251.008993
31.312250	255.113647
40.334258	9.021831
40.153880	16.666424
43.328352	205.879694
44.474739	221.612057
48.055923	132.281564
44.557041	149.944768
48.503929	160.092806
51.430826	160.225682
51.364287	170.376658
49.827694	180.645224
46.415893	4.489182
42.896134	14.515364
45.532661	23.905170
48.645163	33.433612
43.068704	38.324134
47.590970	45.705146
49.220799	62.405942
50.728071	70.729762
50.290811	87.719413
48.811877	97.146892
44.353808	106.955457
46.115228	112.500252
45.934733	123.096909
49.231609	135.654677
47.529135	132.943719
51.394558	165.470381
49.490196	187.757732
43.500528	192.511370
42.941320	202.112860
46.084357	210.030362
47.148756	214.670168
46.660619	221.438375
43.342098	231.763222
38.733314	242.354534
38.203145	249.325834
40.775240	255.710842
50.515829	5.804512
47.164625	15.562731
46.981673	60.848192
53.773880	132.496568
55.434063	131.913477
59.027310	150.447768
55.454683	160.738520
56.849109	165.466658
61.327708	169.881828
56.124637	9.994135
53.990893	27.497257
54.093984	33.277430
58.201672	40.157188
59.492242	48.064593
55.534665	52.601373
54.948371	63.676678
55.144902	71.595365
55.601488	89.922269
58.188923	97.257451
60.779071	103.908118
59.618934	114.256283
60.891765	121.838541
54.436288	133.760394
52.494977	162.127482
50.978398	163.576370
56.493836	166.725531
59.562434	177.057607
55.386487	179.960314
51.747930	190.875635
52.622153	210.210240
49.535619	213.583688
49.730408	223.098024
53.561399	229.351065
52.251873	237.936164
65.735234	110.887231
64.637439	118.169271
62.645991	128.448837
64.860752	139.504972
66.098774	147.163181
61.154928	157.144566
69.527117	12.387465
68.878039	23.094808
62.727877	32.593360
62.424807	43.868857
63.639499	46.315058
65.625262	52.618629
66.519978	63.220790
63.767091	68.987194
61.593538	79.839820
59.350549	100.918157
65.894744	108.866441
66.894193	113.395524
65.566475	120.431258
63.160387	127.314243
63.714934	146.562737
62.207179	155.540885
58.131787	162.494163
59.938477	174.518379
63.315774	205.513690
62.206236	213.391649
64.258494	224.746730
63.695444	232.660935
67.281242	238.845952
65.367410	45.338943
63.330210	52.395564
63.773905	62.014944
59.228646	170.926758
79.704403	5.264359
78.568796	12.997555
74.292902	17.269978
72.163738	30.991532
73.804781	43.116782
70.186037	47.161045
69.996781	54.292321
69.737767	63.215821
72.198978	67.858469
73.205885	78.585603
72.570514	108.371749
67.897247	110.107347
67.654846	121.694438
70.821793	138.431495
69.757461	148.733607
72.427721	156.805499
74.912743	162.252882
74.872397	175.266795
77.091834	206.223920
75.000680	225.090213
73.302416	229.686603
69.846715	241.888391
73.355307	250.314087
73.320285	253.721653
74.552614	64.225053
72.893164	172.910993
80.918665	98.374153
82.798719	146.296313
81.317143	160.380190
82.042158	5.449409
84.039074	12.595916
84.629736	14.158827
85.614070	34.157397
82.238135	53.804493
79.209579	61.434576
81.083307	74.974150
86.012070	77.552569
85.333713	88.748020
79.238782	99.559130
72.588555	104.393811
78.629618	112.075758
77.482992	120.250120
78.080584	132.436438
84.395589	139.932335
85.487677	148.220662
81.866900	155.400702
79.461893	206.380953
79.203691	207.165252
82.107603	224.048080
81.047946	228.086471
83.358849	241.082389
79.945132	255.758294
87.860990	12.480280
90.059002	87.916340
85.210688	242.379388
92.639703	8.164903
92.024965	11.905499
90.119047	16.103506
92.553946	34.955744
90.002129	41.781067
92.847284	51.182605
94.122985	61.258519
92.733933	74.877244
91.030746	80.869561
92.836090	85.633230
88.391338	91.216747
88.253180	106.657194
88.023463	115.384349
89.002671	118.072006
89.910657	135.544267
88.449375	141.572712
87.456294	147.108665
87.472941	153.546497
92.700634	172.949378
87.812202	220.223272
88.308925	232.704883
92.114653	241.414248
90.553380	245.916888
84.732724	252.786723
91.804830	181.202643
102.590938	11.798306
97.909534	80.977948
96.034554	102.150617
93.472963	240.716520
100.877350	7.197025
97.485211	9.411550
98.435495	15.865234
93.758423	32.385092
93.304208	43.035242
95.282504	44.934905
97.175541	51.864024
98.734999	64.014159
99.444955	71.329074
97.822276	81.105954
97.943059	91.754928
99.389339	106.452012
96.496825	112.112539
95.646829	121.731066
95.150801	140.780514
97.179661	146.431518
95.625508	175.690162
94.357705	200.856015
96.611204	208.363587
94.841969	233.251552
90.762687	240.983335
90.740782	245.970809
98.113381	253.058945
98.898177	202.876731
96.005986	206.990389
107.223827	107.173631
103.342324	237.903804
105.508088	3.595335
103.149999	8.774775
103.050605	16.276008
105.931280	29.257173
102.559543	42.574367
102.907071	47.949459
104.429949	52.005388
100.934965	63.515369
103.787595	73.792758
104.823519	78.887798
103.528482	85.976606
107.097001	106.729969
102.767412	131.964392
102.045925	143.358575
108.605112	151.697027
103.149844	165.489146
100.410216	170.157081
99.947428	201.238032
101.722845	212.045828
102.968845	214.409593
102.754559	219.309929
101.819250	232.439954
101.138420	235.913739
100.570256	251.760256
103.684456	18.641052
108.676949	214.480673
110.419788	1.573058
112.900565	239.421427
106.410518	1.141978
106.146345	5.556169
109.615675	7.950512
117.427002	30.868703
117.534605	39.568202
116.063397	48.353260
112.163351	48.828543
112.236269	62.989773
111.451739	77.205513
113.861016	78.103727
111.522945	85.426467
114.076649	109.569177
116.183535	129.566462
114.623907	143.551816
108.710373	166.473891
106.366080	173.245181
107.253721	183.490512
111.367647	192.096857
113.267271	203.322019
110.731313	209.149766
105.971941	220.785969
108.814434	232.935475
110.879079	238.193527
112.324198	250.267211
102.863893	4.562033
112.829520	154.341085
111.026936	6.465218
114.718678	15.030574
122.435481	26.378863
125.313922	30.565031
124.874061	40.415064
122.917999	43.941393
123.401739	62.486163
120.403648	74.362907
116.346447	79.101348
119.515035	84.448512
117.073622	97.231579
117.424961	104.429511
121.240085	113.885066
120.774292	122.193437
122.429064	129.791493
117.821404	152.399883
117.870473	158.152315
123.764516	175.480184
125.090044	184.088876
121.983395	192.294712
116.784909	207.545386
119.222903	211.524160
119.386196	233.498016
120.568741	241.243216
120.053530	246.022815
123.595694	154.431035
121.958858	157.364939
120.874060	199.027909
115.451139	209.657958
124.752469	32.619278
123.509955	9.115076
127.683158	19.518900
129.288154	30.438967
130.676553	32.258348
129.475706	37.190878
130.977659	48.543111
129.015406	62.306581
127.589461	69.317036
125.673734	79.668390
131.095951	89.420112
133.481970	94.340458
133.217199	107.690108
131.368926	111.122847
127.939940	121.480042
133.856821	150.249770
130.323501	155.996582
130.694632	166.565845
129.951002	175.595260
128.310621	183.144315
126.955774	188.890240
127.741247	200.138275
130.067768	232.008245
127.592737	240.633517
128.528787	247.168970
124.820512	153.904767
126.256845	187.976567
127.960828	198.208752
130.858520	208.070362
130.969179	212.578272
129.154846	29.925554
129.919457	40.631326
134.121174	43.713367
134.914742	54.985997
134.927639	12.759996
135.002224	28.881918
134.256206	31.754576
132.066760	35.328072
131.684139	47.430634
135.141235	50.892209
138.148433	60.613948
136.523869	68.567221
140.462582	82.739908
140.170024	91.986735
141.729597	95.914918
139.444184	110.539981
139.395975	118.329204
138.001205	150.340100
140.704179	168.873995
141.775726	173.166856
139.069183	180.970899
136.301761	187.502024
135.965551	203.748990
142.619752	211.846218
140.299642	214.427711
136.875675	219.810893
135.708479	228.603408
135.270899	241.344138
140.769572	251.351931
141.303841	255.170755
136.758977	143.899576
137.008091	151.276964
135.906596	166.038739
136.957080	187.494476
138.466947	209.100924
140.532118	214.314428
136.617843	221.249995
134.358705	232.169412
141.898152	254.958738
142.355008	23.928396
143.574107	30.131339
142.048958	40.501970
142.953841	48.510042
143.544275	81.872600
147.114302	96.887847
145.108598	13.444795
140.859303	18.546727
141.473663	29.480887
140.478436	30.504667
142.665809	35.532231
143.741534	47.271122
142.903865	54.787276
149.972400	90.866342
148.199346	96.230510
149.253045	104.600956
148.447258	108.320277
148.270614	120.835127
149.495618	130.839015
146.310656	141.181887
142.624892	149.023391
147.445833	168.863751
148.581852	174.052888
150.724508	187.722327
153.369797	205.048946
146.170689	209.596937
140.800477	209.883867
147.257362	244.547266
148.516885	254.466992
148.384380	252.934017
146.927920	90.561969
147.713466	152.771891
148.396516	165.644555
149.759250	204.971734
144.576235	213.415470
144.696059	218.299654
145.449938	233.674702
145.986786	250.690229
151.773520	23.159484
151.702830	49.054586
150.397357	49.662653
154.872630	64.771652
157.715880	84.208356
155.421827	94.989679
152.285645	0.203619
149.893528	9.868859
150.097159	19.470229
149.119152	27.939256
147.408109	30.906557
153.180281	44.879513
152.220785	54.547136
154.835453	86.237980
153.772348	89.843796
153.565820	95.631844
155.472285	107.269008
161.298641	110.971300
164.139651	119.586251
160.249557	129.502006
158.766595	138.239512
156.374020	146.338184
154.719247	157.845705
151.017486	168.674839
149.775728	174.666061
151.202268	179.377309
152.344919	193.118802
153.085287	201.764900
150.882683	203.086742
153.103428	211.126081
151.237204	224.784744
152.016187	230.898382
154.957342	242.589669
152.096095	253.535517
149.990695	28.527860
155.342620	79.277963
153.310599	90.461918
157.583730	112.224627
152.673879	197.625878
151.573929	213.719099
155.056391	220.945588
156.895204	234.453657
163.528960	51.350763
161.220877	64.993676
161.297957	72.797539
160.483171	83.383978
161.876325	113.055247
162.561315	122.089984
154.964487	2.612446
158.545775	8.825580
156.866239	18.612904
153.320460	23.605084
154.155233	36.066383
155.832287	41.783084
157.584907	46.023054
160.551071	55.500283
159.654291	66.173382
157.858247	89.703981
160.658604	98.128046
161.771266	109.358155
161.255162	115.422235
163.738158	121.354979
169.269947	128.097202
168.057564	135.735570
164.918991	144.612195
163.235058	156.056665
163.013489	162.360007
159.853665	163.290459
156.825910	175.958603
158.918676	180.021706
158.798705	201.281058
164.135936	213.268753
161.687409	218.200461
158.947979	234.181324
160.720695	250.895495
159.278370	251.200428
161.968335	78.222270
163.951922	91.162124
163.962015	116.407257
164.078857	120.697007
160.915978	161.819627
163.216599	214.690323
160.694653	222.377585
172.763908	49.670179
171.619750	63.212104
170.262565	72.673959
165.922802	135.800020
163.819588	159.126196
166.353789	214.910061
169.979836	253.207701
164.467884	3.721284
165.355819	11.498399
168.271324	17.399907
169.224241	33.316602
166.866193	43.854247
170.691037	51.174265
174.028668	55.048027
170.689966	63.217393
166.426500	98.251393
165.421638	108.560375
164.788446	113.441904
164.085622	125.380047
167.003750	134.306876
167.891745	141.562653
168.583452	156.415741
164.688965	158.585766
163.876554	163.297720
164.660714	182.518185
171.118510	195.382082
169.839244	198.988555
170.083054	208.068127
170.130902	216.223847
172.401415	217.187829
172.352694	232.658437
172.609588	250.093065
164.762346	11.499208
166.281809	74.875209
167.367824	129.717111
166.874308	137.063030
165.005159	141.423751
164.714106	154.205933
170.450108	213.522543
169.254323	220.308227
167.052624	248.588971
175.295669	2.084871
179.554489	60.817020
174.952287	148.203925
170.552520	157.869520
175.215847	215.975808
176.372894	246.474395
171.800460	252.701160
173.952104	3.659394
172.201533	12.098091
172.323044	21.169846
175.551989	27.130970
183.099696	34.373611
185.712216	42.959050
183.684995	52.048842
180.325519	55.889710
178.922695	57.115274
174.994820	70.528927
175.216347	81.666681
175.018836	89.536772
173.726008	99.764062
176.648366	108.400919
176.597737	114.071180
175.392385	122.586814
169.567618	133.968573
175.552328	154.653184
173.107418	155.159031
176.228354	167.842087
175.164011	172.271200
177.166000	186.531401
176.861658	195.253705
175.283161	198.170853
174.714199	207.995983
170.864672	214.633505
172.570674	220.103716
176.338591	233.560857
179.433836	242.122741
173.640550	251.025655
172.991694	252.920447
173.590128	5.268368
171.667764	15.551171
172.150309	22.285495
173.927046	25.492798
178.126704	34.342788
170.054967	130.823925
172.779946	137.033811
177.790730	143.943670
180.628143	155.568491
177.890346	236.281481
174.258954	249.610454
175.147392	139.977870
179.403807	146.552309
177.343963	143.817225
180.460204	146.613681
180.771734	155.280782
178.518263	169.548851
179.280321	175.235165
182.308093	239.883298
181.361238	243.862122
183.101934	253.173368
177.431341	20.472884
181.360115	35.240633
185.429053	39.400572
188.292409	46.265188
183.631362	50.280756
184.758262	59.341230
187.590253	69.671815
187.464734	82.893937
181.399753	111.382862
184.264739	113.240605
181.518110	118.722021
182.650567	143.072261
185.409948	143.902075
181.606332	148.486787
183.708146	174.614315
184.792369	200.385765
185.528491	203.121761
182.584594	213.563149
184.232489	225.213152
189.209670	237.535901
185.572330	237.841048
180.919415	244.430187
176.702873	255.063639
184.555827	1.983318
187.806146	39.197598
187.996874	43.849537
184.027620	47.144517
179.923278	53.284173
185.902718	69.648385
184.976726	144.054028
188.709207	146.285205
187.053560	234.050710
188.526751	48.102347
186.510440	143.094484
187.833988	152.109719
192.320271	164.935458
188.294455	176.504639
191.476087	188.539144
190.939331	235.712770
192.078996	9.405249
198.919508	22.954249
195.933519	34.461732
191.762458	39.007541
190.126692	47.190615
187.128135	45.406130
198.290926	80.994369
193.115271	110.555137
189.392234	113.608229
190.044367	117.960732
190.802412	131.914659
186.724685	142.120991
193.718346	149.871297
192.984853	158.451003
192.123822	206.106796
194.578002	210.530967
191.857196	227.362010
190.250212	235.918604
188.619525	235.013899
189.160120	242.525528
189.187296	253.495435
190.551601	36.195168
188.895731	44.888367
191.685971	45.663359
191.121583	235.439259
204.199699	23.409323
198.992592	146.269503
195.212404	159.475430
200.303806	163.854055
201.422459	174.899915
198.333851	189.820872
196.438187	192.369965
204.676240	26.309593
204.951495	28.297516
200.117057	36.063993
196.131719	46.064668
204.627402	73.208839
204.945724	77.110373
204.614554	84.610829
197.270702	110.920340
197.420203	119.991953
197.711140	130.317257
195.510800	212.402228
197.009778	224.839271
195.529453	234.804973
195.415558	235.394785
198.628776	245.092671
200.144684	253.394597
204.817630	26.103905
202.236290	28.688260
205.805053	74.640003
208.457136	15.903405
208.832319	25.400981
210.965586	139.366509
211.208108	149.813499
208.309988	146.840907
207.331357	157.606646
205.380924	169.817928
209.070215	174.371940
205.926815	184.606915
204.824150	195.073543
206.241117	4.158011
210.173536	16.662085
208.164346	26.918646
207.737850	27.738380
207.537783	31.909912
205.144458	41.293177
202.544461	69.947880
202.638627	75.327182
203.973291	78.568617
206.552550	84.690105
204.788263	114.306022
208.941622	119.697801
209.080739	132.431017
208.705382	172.512305
207.689516	185.399475
205.687042	224.160901
203.307484	233.812879
206.522518	238.503842
210.652543	249.219683
213.081457	251.915965
206.335019	26.888498
208.320735	29.263144
201.408363	75.658031
220.556252	143.843911
223.687273	156.571153
222.415897	158.202499
221.273840	165.348460
214.653240	174.526838
213.688523	182.288736
215.396679	8.534638
210.439100	28.957984
212.835304	32.698977
216.212206	42.978785
215.531024	49.728180
209.906186	67.321549
209.106639	76.000264
209.736584	85.894906
209.867111	90.746806
212.448323	103.200445
212.397350	118.711399
217.266857	124.011175
218.743299	129.036798
213.910068	138.260311
212.423151	146.800147
215.115553	150.189128
217.716172	162.219994
212.975485	192.702853
211.465139	235.739108
217.542880	243.906097
218.743709	250.544087
213.686911	12.370147
208.226933	25.403677
212.833032	50.985699
224.684682	156.880548
226.910204	164.398018
218.866130	136.746426
218.873443	148.425588
225.264830	163.661393
225.105440	169.431758
223.865146	251.368699
225.065476	4.794612
217.569439	32.947152
223.103768	36.138492
227.710650	49.146375
228.972273	62.366553
221.783115	74.459770
220.322469	79.535089
218.124305	84.423575
217.990474	91.744643
218.676434	106.105598
220.728316	118.018295
218.260797	128.175002
225.133765	134.423545
221.848325	146.773554
224.594817	154.562115
223.866166	160.029984
222.813866	167.254688
225.910037	193.795515
224.297656	198.286679
222.673446	218.918714
226.019209	239.242245
224.129248	45.879048
226.096858	55.964787
230.056151	134.009607
228.747217	149.369226
227.299998	151.339321
225.693654	161.082306
226.957519	169.381117
233.031302	172.421822
231.617593	234.409593
235.388024	246.110083
230.463857	2.412328
228.318018	9.424592
229.340811	33.364708
228.550438	41.638483
234.336280	45.270289
234.368831	48.255247
237.279544	58.958209
233.611541	68.366279
228.390842	77.134778
232.714565	93.934359
235.565405	106.045486
232.310256	117.062386
231.172858	125.322475
230.249360	147.341715
226.714483	153.291360
231.441167	172.544729
236.663806	196.731392
230.239990	215.288374
237.041849	253.142767
232.814518	45.100369
237.216303	46.090205
237.290790	57.701617
235.854196	61.276691
242.085480	144.504012
237.750277	152.010693
245.539834	170.993560
241.444325	171.847292
241.082843	187.814550
248.106197	222.473675
249.041670	234.517194
249.231618	250.074886
245.153170	249.656382
236.291825	8.350815
240.479458	25.037533
242.675402	31.528385
239.122839	40.381736
238.268266	51.442212
234.700772	59.413360
235.108572	65.090106
236.723618	76.739016
238.986347	87.670956
243.659086	101.272243
247.891012	105.045850
243.350747	112.893944
241.656142	125.618301
241.568869	128.366713
236.824937	150.663528
243.755283	191.305551
242.551155	199.967150
247.902082	202.074041
247.725926	215.304464
246.305294	228.075952
239.041530	249.295817
239.438329	252.775988
238.356420	49.027386
240.985690	49.028919
246.618558	169.040779
247.822964	105.393659
250.521624	137.806713
248.947085	138.098659
247.622316	154.188677
248.728635	173.473197
250.396737	222.763975
250.448358	234.581624
246.917350	245.554238
247.227562	249.267067
252.968126	10.663065
251.133875	25.169428
246.014795	29.110349
244.667937	37.620118
241.453561	49.181254
239.009406	50.382153
243.968964	51.018980
243.769819	57.976297
248.648803	70.498117
253.384344	78.891477
254.608717	90.024037
253.436036	102.270333
251.037164	105.580089
251.203618	107.254485
243.264576	123.340824
245.989630	133.688823
247.207667	138.115025
245.730571	141.850281
247.543847	149.022754
245.972595	163.638342
244.929206	172.582164
245.126763	176.064737
248.369823	198.772657
250.919187	215.018582
251.521414	227.675313
249.819926	234.772565
247.647185	242.935539
246.485565	247.065340
246.818148	254.364035
243.761016	50.684384
245.022595	51.659435
254.782419	99.778141
252.845030	113.397617
253.733336	153.216524
251.182119	167.261783
251.777446	218.149622
252.328399	226.618786
255.932453	244.832370
255.656981	9.764903
252.541663	20.201230
251.565862	26.690235
252.410463	38.211718
253.695728	46.735571
253.824673	50.740244
250.312995	53.166101
254.212865	61.525421
255.531288	74.448927
252.913471	103.824654
251.532833	106.996642
255.111674	133.684780
252.183593	136.376850
249.726910	143.020332
251.793370	151.010966
255.503771	163.369182
252.540321	169.755935
251.151563	178.954657
254.975027	185.011717
252.865859	192.796052
252.938684	206.275739
253.538037	220.363721
253.327488	225.294036
254.750297	234.516720
249.493494	142.403094
