# This file contains positions of particles in units [Mpc/h].
0.000000	63.128856
0.000000	0.504392
0.000000	2.484220
0.000000	4.041857
0.000000	4.712193
0.000000	4.771831
0.000000	5.098929
0.000000	6.300872
0.000000	8.197624
0.000000	9.958076
0.000000	10.885778
0.000000	11.042521
0.000000	11.204917
0.000000	12.139388
0.000000	13.906738
0.000000	15.798404
0.000000	16.994665
0.000000	17.312412
0.000000	17.378646
0.000000	18.049482
0.000000	19.627047
0.000000	21.578163
0.000000	23.027679
0.000000	23.560319
0.000000	23.604914
0.000000	24.038012
0.000000	25.379826
0.000000	27.314375
0.000000	28.981324
0.000000	29.765879
0.000000	29.864894
0.000000	30.105235
0.000000	31.183995
0.000000	33.027375
0.000000	34.858535
0.000000	35.912028
0.000000	36.137127
0.000000	36.245098
0.000000	37.054410
0.000000	38.739324
0.000000	40.668353
0.000000	41.986422
0.000000	42.399185
0.000000	42.445761
0.000000	43.000650
0.000000	44.472474
0.000000	46.425176
0.000000	47.982449
0.000000	48.629430
0.000000	48.690569
0.000000	49.026211
0.000000	50.247442
0.000000	52.147546
0.000000	53.899846
0.000000	54.808603
0.000000	54.959579
0.000000	55.127925
0.000000	56.082061
0.000000	57.855848
0.000000	59.746209
0.000000	60.918480
0.000000	61.237372
0.000000	61.280275
0.000000	62.044773
1.000000	63.128856
1.000000	0.504392
1.000000	2.484220
1.000000	4.041857
1.000000	4.712193
1.000000	4.771831
1.000000	5.098929
1.000000	6.300872
1.000000	8.197624
1.000000	9.958076
1.000000	10.885778
1.000000	11.042521
1.000000	11.204917
1.000000	12.139388
1.000000	13.906738
1.000000	15.798404
1.000000	16.994665
1.000000	17.312412
1.000000	17.378646
1.000000	18.049482
1.000000	19.627047
1.000000	21.578163
1.000000	23.027679
1.000000	23.560319
1.000000	23.604914
1.000000	24.038012
1.000000	25.379826
1.000000	27.314375
1.000000	28.981324
1.000000	29.765879
1.000000	29.864894
1.000000	30.105235
1.000000	31.183995
1.000000	33.027375
1.000000	34.858535
1.000000	35.912028
1.000000	36.137127
1.000000	36.245098
1.000000	37.054410
1.000000	38.739324
1.000000	40.668353
1.000000	41.986422
1.000000	42.399185
1.000000	42.445761
1.000000	43.000650
1.000000	44.472474
1.000000	46.425176
1.000000	47.982449
1.000000	48.629430
1.000000	48.690569
1.000000	49.026211
1.000000	50.247442
1.000000	52.147546
1.000000	53.899846
1.000000	54.808603
1.000000	54.959579
1.000000	55.127925
1.000000	56.082061
1.000000	57.855848
1.000000	59.746209
1.000000	60.918480
1.000000	61.237372
1.000000	61.280275
1.000000	62.044773
2.000000	63.128856
2.000000	0.504392
2.000000	2.484220
2.000000	4.041857
2.000000	4.712193
2.000000	4.771831
2.000000	5.098929
2.000000	6.300872
2.000000	8.197624
2.000000	9.958076
2.000000	10.885778
2.000000	11.042521
2.000000	11.204917
2.000000	12.139388
2.000000	13.906738
2.000000	15.798404
2.000000	16.994665
2.000000	17.312412
2.000000	17.378646
2.000000	18.049482
2.000000	19.627047
2.000000	21.578163
2.000000	23.027679
2.000000	23.560319
2.000000	23.604914
2.000000	24.038012
2.000000	25.379826
2.000000	27.314375
2.000000	28.981324
2.000000	29.765879
2.000000	29.864894
2.000000	30.105235
2.000000	31.183995
2.000000	33.027375
2.000000	34.858535
2.000000	35.912028
2.000000	36.137127
2.000000	36.245098
2.000000	37.054410
2.000000	38.739324
2.000000	40.668353
2.000000	41.986422
2.000000	42.399185
2.000000	42.445761
2.000000	43.000650
2.000000	44.472474
2.000000	46.425176
2.000000	47.982449
2.000000	48.629430
2.000000	48.690569
2.000000	49.026211
2.000000	50.247442
2.000000	52.147546
2.000000	53.899846
2.000000	54.808603
2.000000	54.959579
2.000000	55.127925
2.000000	56.082061
2.000000	57.855848
2.000000	59.746209
2.000000	60.918480
2.000000	61.237372
2.000000	61.280275
2.000000	62.044773
3.000000	63.128856
3.000000	0.504392
3.000000	2.484220
3.000000	4.041857
3.000000	4.712193
3.000000	4.771831
3.000000	5.098929
3.000000	6.300872
3.000000	8.197624
3.000000	9.958076
3.000000	10.885778
3.000000	11.042521
3.000000	11.204917
3.000000	12.139388
3.000000	13.906738
3.000000	15.798404
3.000000	16.994665
3.000000	17.312412
3.000000	17.378646
3.000000	18.049482
3.000000	19.627047
3.000000	21.578163
3.000000	23.027679
3.000000	23.560319
3.000000	23.604914
3.000000	24.038012
3.000000	25.379826
3.000000	27.314375
3.000000	28.981324
3.000000	29.765879
3.000000	29.864894
3.000000	30.105235
3.000000	31.183995
3.000000	33.027375
3.000000	34.858535
3.000000	35.912028
3.000000	36.137127
3.000000	36.245098
3.000000	37.054410
3.000000	38.739324
3.000000	40.668353
3.000000	41.986422
3.000000	42.399185
3.000000	42.445761
3.000000	43.000650
3.000000	44.472474
3.000000	46.425176
3.000000	47.982449
3.000000	48.629430
3.000000	48.690569
3.000000	49.026211
3.000000	50.247442
3.000000	52.147546
3.000000	53.899846
3.000000	54.808603
3.000000	54.959579
3.000000	55.127925
3.000000	56.082061
3.000000	57.855848
3.000000	59.746209
3.000000	60.918480
3.000000	61.237372
3.000000	61.280275
3.000000	62.044773
4.000000	63.128856
4.000000	0.504392
4.000000	2.484220
4.000000	4.041857
4.000000	4.712193
4.000000	4.771831
4.000000	5.098929
4.000000	6.300872
4.000000	8.197624
4.000000	9.958076
4.000000	10.885778
4.000000	11.042521
4.000000	11.204917
4.000000	12.139388
4.000000	13.906738
4.000000	15.798404
4.000000	16.994665
4.000000	17.312412
4.000000	17.378646
4.000000	18.049482
4.000000	19.627047
4.000000	21.578163
4.000000	23.027679
4.000000	23.560319
4.000000	23.604914
4.000000	24.038012
4.000000	25.379826
4.000000	27.314375
4.000000	28.981324
4.000000	29.765879
4.000000	29.864894
4.000000	30.105235
4.000000	31.183995
4.000000	33.027375
4.000000	34.858535
4.000000	35.912028
4.000000	36.137127
4.000000	36.245098
4.000000	37.054410
4.000000	38.739324
4.000000	40.668353
4.000000	41.986422
4.000000	42.399185
4.000000	42.445761
4.000000	43.000650
4.000000	44.472474
4.000000	46.425176
4.000000	47.982449
4.000000	48.629430
4.000000	48.690569
4.000000	49.026211
4.000000	50.247442
4.000000	52.147546
4.000000	53.899846
4.000000	54.808603
4.000000	54.959579
4.000000	55.127925
4.000000	56.082061
4.000000	57.855848
4.000000	59.746209
4.000000	60.918480
4.000000	61.237372
4.000000	61.280275
4.000000	62.044773
5.000000	63.128856
5.000000	0.504392
5.000000	2.484220
5.000000	4.041857
5.000000	4.712193
5.000000	4.771831
5.000000	5.098929
5.000000	6.300872
5.000000	8.197624
5.000000	9.958076
5.000000	10.885778
5.000000	11.042521
5.000000	11.204917
5.000000	12.139388
5.000000	13.906738
5.000000	15.798404
5.000000	16.994665
5.000000	17.312412
5.000000	17.378646
5.000000	18.049482
5.000000	19.627047
5.000000	21.578163
5.000000	23.027679
5.000000	23.560319
5.000000	23.604914
5.000000	24.038012
5.000000	25.379826
5.000000	27.314375
5.000000	28.981324
5.000000	29.765879
5.000000	29.864894
5.000000	30.105235
5.000000	31.183995
5.000000	33.027375
5.000000	34.858535
5.000000	35.912028
5.000000	36.137127
5.000000	36.245098
5.000000	37.054410
5.000000	38.739324
5.000000	40.668353
5.000000	41.986422
5.000000	42.399185
5.000000	42.445761
5.000000	43.000650
5.000000	44.472474
5.000000	46.425176
5.000000	47.982449
5.000000	48.629430
5.000000	48.690569
5.000000	49.026211
5.000000	50.247442
5.000000	52.147546
5.000000	53.899846
5.000000	54.808603
5.000000	54.959579
5.000000	55.127925
5.000000	56.082061
5.000000	57.855848
5.000000	59.746209
5.000000	60.918480
5.000000	61.237372
5.000000	61.280275
5.000000	62.044773
6.000000	63.128856
6.000000	0.504392
6.000000	2.484220
6.000000	4.041857
6.000000	4.712193
6.000000	4.771831
6.000000	5.098929
6.000000	6.300872
6.000000	8.197624
6.000000	9.958076
6.000000	10.885778
6.000000	11.042521
6.000000	11.204917
6.000000	12.139388
6.000000	13.906738
6.000000	15.798404
6.000000	16.994665
6.000000	17.312412
6.000000	17.378646
6.000000	18.049482
6.000000	19.627047
6.000000	21.578163
6.000000	23.027679
6.000000	23.560319
6.000000	23.604914
6.000000	24.038012
6.000000	25.379826
6.000000	27.314375
6.000000	28.981324
6.000000	29.765879
6.000000	29.864894
6.000000	30.105235
6.000000	31.183995
6.000000	33.027375
6.000000	34.858535
6.000000	35.912028
6.000000	36.137127
6.000000	36.245098
6.000000	37.054410
6.000000	38.739324
6.000000	40.668353
6.000000	41.986422
6.000000	42.399185
6.000000	42.445761
6.000000	43.000650
6.000000	44.472474
6.000000	46.425176
6.000000	47.982449
6.000000	48.629430
6.000000	48.690569
6.000000	49.026211
6.000000	50.247442
6.000000	52.147546
6.000000	53.899846
6.000000	54.808603
6.000000	54.959579
6.000000	55.127925
6.000000	56.082061
6.000000	57.855848
6.000000	59.746209
6.000000	60.918480
6.000000	61.237372
6.000000	61.280275
6.000000	62.044773
7.000000	63.128856
7.000000	0.504392
7.000000	2.484220
7.000000	4.041857
7.000000	4.712193
7.000000	4.771831
7.000000	5.098929
7.000000	6.300872
7.000000	8.197624
7.000000	9.958076
7.000000	10.885778
7.000000	11.042521
7.000000	11.204917
7.000000	12.139388
7.000000	13.906738
7.000000	15.798404
7.000000	16.994665
7.000000	17.312412
7.000000	17.378646
7.000000	18.049482
7.000000	19.627047
7.000000	21.578163
7.000000	23.027679
7.000000	23.560319
7.000000	23.604914
7.000000	24.038012
7.000000	25.379826
7.000000	27.314375
7.000000	28.981324
7.000000	29.765879
7.000000	29.864894
7.000000	30.105235
7.000000	31.183995
7.000000	33.027375
7.000000	34.858535
7.000000	35.912028
7.000000	36.137127
7.000000	36.245098
7.000000	37.054410
7.000000	38.739324
7.000000	40.668353
7.000000	41.986422
7.000000	42.399185
7.000000	42.445761
7.000000	43.000650
7.000000	44.472474
7.000000	46.425176
7.000000	47.982449
7.000000	48.629430
7.000000	48.690569
7.000000	49.026211
7.000000	50.247442
7.000000	52.147546
7.000000	53.899846
7.000000	54.808603
7.000000	54.959579
7.000000	55.127925
7.000000	56.082061
7.000000	57.855848
7.000000	59.746209
7.000000	60.918480
7.000000	61.237372
7.000000	61.280275
7.000000	62.044773
8.000000	63.128856
8.000000	0.504392
8.000000	2.484220
8.000000	4.041857
8.000000	4.712193
8.000000	4.771831
8.000000	5.098929
8.000000	6.300872
8.000000	8.197624
8.000000	9.958076
8.000000	10.885778
8.000000	11.042521
8.000000	11.204917
8.000000	12.139388
8.000000	13.906738
8.000000	15.798404
8.000000	16.994665
8.000000	17.312412
8.000000	17.378646
8.000000	18.049482
8.000000	19.627047
8.000000	21.578163
8.000000	23.027679
8.000000	23.560319
8.000000	23.604914
8.000000	24.038012
8.000000	25.379826
8.000000	27.314375
8.000000	28.981324
8.000000	29.765879
8.000000	29.864894
8.000000	30.105235
8.000000	31.183995
8.000000	33.027375
8.000000	34.858535
8.000000	35.912028
8.000000	36.137127
8.000000	36.245098
8.000000	37.054410
8.000000	38.739324
8.000000	40.668353
8.000000	41.986422
8.000000	42.399185
8.000000	42.445761
8.000000	43.000650
8.000000	44.472474
8.000000	46.425176
8.000000	47.982449
8.000000	48.629430
8.000000	48.690569
8.000000	49.026211
8.000000	50.247442
8.000000	52.147546
8.000000	53.899846
8.000000	54.808603
8.000000	54.959579
8.000000	55.127925
8.000000	56.082061
8.000000	57.855848
8.000000	59.746209
8.000000	60.918480
8.000000	61.237372
8.000000	61.280275
8.000000	62.044773
9.000000	63.128856
9.000000	0.504392
9.000000	2.484220
9.000000	4.041857
9.000000	4.712193
9.000000	4.771831
9.000000	5.098929
9.000000	6.300872
9.000000	8.197624
9.000000	9.958076
9.000000	10.885778
9.000000	11.042521
9.000000	11.204917
9.000000	12.139388
9.000000	13.906738
9.000000	15.798404
9.000000	16.994665
9.000000	17.312412
9.000000	17.378646
9.000000	18.049482
9.000000	19.627047
9.000000	21.578163
9.000000	23.027679
9.000000	23.560319
9.000000	23.604914
9.000000	24.038012
9.000000	25.379826
9.000000	27.314375
9.000000	28.981324
9.000000	29.765879
9.000000	29.864894
9.000000	30.105235
9.000000	31.183995
9.000000	33.027375
9.000000	34.858535
9.000000	35.912028
9.000000	36.137127
9.000000	36.245098
9.000000	37.054410
9.000000	38.739324
9.000000	40.668353
9.000000	41.986422
9.000000	42.399185
9.000000	42.445761
9.000000	43.000650
9.000000	44.472474
9.000000	46.425176
9.000000	47.982449
9.000000	48.629430
9.000000	48.690569
9.000000	49.026211
9.000000	50.247442
9.000000	52.147546
9.000000	53.899846
9.000000	54.808603
9.000000	54.959579
9.000000	55.127925
9.000000	56.082061
9.000000	57.855848
9.000000	59.746209
9.000000	60.918480
9.000000	61.237372
9.000000	61.280275
9.000000	62.044773
10.000000	63.128856
10.000000	0.504392
10.000000	2.484220
10.000000	4.041857
10.000000	4.712193
10.000000	4.771831
10.000000	5.098929
10.000000	6.300872
10.000000	8.197624
10.000000	9.958076
10.000000	10.885778
10.000000	11.042521
10.000000	11.204917
10.000000	12.139388
10.000000	13.906738
10.000000	15.798404
10.000000	16.994665
10.000000	17.312412
10.000000	17.378646
10.000000	18.049482
10.000000	19.627047
10.000000	21.578163
10.000000	23.027679
10.000000	23.560319
10.000000	23.604914
10.000000	24.038012
10.000000	25.379826
10.000000	27.314375
10.000000	28.981324
10.000000	29.765879
10.000000	29.864894
10.000000	30.105235
10.000000	31.183995
10.000000	33.027375
10.000000	34.858535
10.000000	35.912028
10.000000	36.137127
10.000000	36.245098
10.000000	37.054410
10.000000	38.739324
10.000000	40.668353
10.000000	41.986422
10.000000	42.399185
10.000000	42.445761
10.000000	43.000650
10.000000	44.472474
10.000000	46.425176
10.000000	47.982449
10.000000	48.629430
10.000000	48.690569
10.000000	49.026211
10.000000	50.247442
10.000000	52.147546
10.000000	53.899846
10.000000	54.808603
10.000000	54.959579
10.000000	55.127925
10.000000	56.082061
10.000000	57.855848
10.000000	59.746209
10.000000	60.918480
10.000000	61.237372
10.000000	61.280275
10.000000	62.044773
11.000000	63.128856
11.000000	0.504392
11.000000	2.484220
11.000000	4.041857
11.000000	4.712193
11.000000	4.771831
11.000000	5.098929
11.000000	6.300872
11.000000	8.197624
11.000000	9.958076
11.000000	10.885778
11.000000	11.042521
11.000000	11.204917
11.000000	12.139388
11.000000	13.906738
11.000000	15.798404
11.000000	16.994665
11.000000	17.312412
11.000000	17.378646
11.000000	18.049482
11.000000	19.627047
11.000000	21.578163
11.000000	23.027679
11.000000	23.560319
11.000000	23.604914
11.000000	24.038012
11.000000	25.379826
11.000000	27.314375
11.000000	28.981324
11.000000	29.765879
11.000000	29.864894
11.000000	30.105235
11.000000	31.183995
11.000000	33.027375
11.000000	34.858535
11.000000	35.912028
11.000000	36.137127
11.000000	36.245098
11.000000	37.054410
11.000000	38.739324
11.000000	40.668353
11.000000	41.986422
11.000000	42.399185
11.000000	42.445761
11.000000	43.000650
11.000000	44.472474
11.000000	46.425176
11.000000	47.982449
11.000000	48.629430
11.000000	48.690569
11.000000	49.026211
11.000000	50.247442
11.000000	52.147546
11.000000	53.899846
11.000000	54.808603
11.000000	54.959579
11.000000	55.127925
11.000000	56.082061
11.000000	57.855848
11.000000	59.746209
11.000000	60.918480
11.000000	61.237372
11.000000	61.280275
11.000000	62.044773
12.000000	63.128856
12.000000	0.504392
12.000000	2.484220
12.000000	4.041857
12.000000	4.712193
12.000000	4.771831
12.000000	5.098929
12.000000	6.300872
12.000000	8.197624
12.000000	9.958076
12.000000	10.885778
12.000000	11.042521
12.000000	11.204917
12.000000	12.139388
12.000000	13.906738
12.000000	15.798404
12.000000	16.994665
12.000000	17.312412
12.000000	17.378646
12.000000	18.049482
12.000000	19.627047
12.000000	21.578163
12.000000	23.027679
12.000000	23.560319
12.000000	23.604914
12.000000	24.038012
12.000000	25.379826
12.000000	27.314375
12.000000	28.981324
12.000000	29.765879
12.000000	29.864894
12.000000	30.105235
12.000000	31.183995
12.000000	33.027375
12.000000	34.858535
12.000000	35.912028
12.000000	36.137127
12.000000	36.245098
12.000000	37.054410
12.000000	38.739324
12.000000	40.668353
12.000000	41.986422
12.000000	42.399185
12.000000	42.445761
12.000000	43.000650
12.000000	44.472474
12.000000	46.425176
12.000000	47.982449
12.000000	48.629430
12.000000	48.690569
12.000000	49.026211
12.000000	50.247442
12.000000	52.147546
12.000000	53.899846
12.000000	54.808603
12.000000	54.959579
12.000000	55.127925
12.000000	56.082061
12.000000	57.855848
12.000000	59.746209
12.000000	60.918480
12.000000	61.237372
12.000000	61.280275
12.000000	62.044773
13.000000	63.128856
13.000000	0.504392
13.000000	2.484220
13.000000	4.041857
13.000000	4.712193
13.000000	4.771831
13.000000	5.098929
13.000000	6.300872
13.000000	8.197624
13.000000	9.958076
13.000000	10.885778
13.000000	11.042521
13.000000	11.204917
13.000000	12.139388
13.000000	13.906738
13.000000	15.798404
13.000000	16.994665
13.000000	17.312412
13.000000	17.378646
13.000000	18.049482
13.000000	19.627047
13.000000	21.578163
13.000000	23.027679
13.000000	23.560319
13.000000	23.604914
13.000000	24.038012
13.000000	25.379826
13.000000	27.314375
13.000000	28.981324
13.000000	29.765879
13.000000	29.864894
13.000000	30.105235
13.000000	31.183995
13.000000	33.027375
13.000000	34.858535
13.000000	35.912028
13.000000	36.137127
13.000000	36.245098
13.000000	37.054410
13.000000	38.739324
13.000000	40.668353
13.000000	41.986422
13.000000	42.399185
13.000000	42.445761
13.000000	43.000650
13.000000	44.472474
13.000000	46.425176
13.000000	47.982449
13.000000	48.629430
13.000000	48.690569
13.000000	49.026211
13.000000	50.247442
13.000000	52.147546
13.000000	53.899846
13.000000	54.808603
13.000000	54.959579
13.000000	55.127925
13.000000	56.082061
13.000000	57.855848
13.000000	59.746209
13.000000	60.918480
13.000000	61.237372
13.000000	61.280275
13.000000	62.044773
14.000000	63.128856
14.000000	0.504392
14.000000	2.484220
14.000000	4.041857
14.000000	4.712193
14.000000	4.771831
14.000000	5.098929
14.000000	6.300872
14.000000	8.197624
14.000000	9.958076
14.000000	10.885778
14.000000	11.042521
14.000000	11.204917
14.000000	12.139388
14.000000	13.906738
14.000000	15.798404
14.000000	16.994665
14.000000	17.312412
14.000000	17.378646
14.000000	18.049482
14.000000	19.627047
14.000000	21.578163
14.000000	23.027679
14.000000	23.560319
14.000000	23.604914
14.000000	24.038012
14.000000	25.379826
14.000000	27.314375
14.000000	28.981324
14.000000	29.765879
14.000000	29.864894
14.000000	30.105235
14.000000	31.183995
14.000000	33.027375
14.000000	34.858535
14.000000	35.912028
14.000000	36.137127
14.000000	36.245098
14.000000	37.054410
14.000000	38.739324
14.000000	40.668353
14.000000	41.986422
14.000000	42.399185
14.000000	42.445761
14.000000	43.000650
14.000000	44.472474
14.000000	46.425176
14.000000	47.982449
14.000000	48.629430
14.000000	48.690569
14.000000	49.026211
14.000000	50.247442
14.000000	52.147546
14.000000	53.899846
14.000000	54.808603
14.000000	54.959579
14.000000	55.127925
14.000000	56.082061
14.000000	57.855848
14.000000	59.746209
14.000000	60.918480
14.000000	61.237372
14.000000	61.280275
14.000000	62.044773
15.000000	63.128856
15.000000	0.504392
15.000000	2.484220
15.000000	4.041857
15.000000	4.712193
15.000000	4.771831
15.000000	5.098929
15.000000	6.300872
15.000000	8.197624
15.000000	9.958076
15.000000	10.885778
15.000000	11.042521
15.000000	11.204917
15.000000	12.139388
15.000000	13.906738
15.000000	15.798404
15.000000	16.994665
15.000000	17.312412
15.000000	17.378646
15.000000	18.049482
15.000000	19.627047
15.000000	21.578163
15.000000	23.027679
15.000000	23.560319
15.000000	23.604914
15.000000	24.038012
15.000000	25.379826
15.000000	27.314375
15.000000	28.981324
15.000000	29.765879
15.000000	29.864894
15.000000	30.105235
15.000000	31.183995
15.000000	33.027375
15.000000	34.858535
15.000000	35.912028
15.000000	36.137127
15.000000	36.245098
15.000000	37.054410
15.000000	38.739324
15.000000	40.668353
15.000000	41.986422
15.000000	42.399185
15.000000	42.445761
15.000000	43.000650
15.000000	44.472474
15.000000	46.425176
15.000000	47.982449
15.000000	48.629430
15.000000	48.690569
15.000000	49.026211
15.000000	50.247442
15.000000	52.147546
15.000000	53.899846
15.000000	54.808603
15.000000	54.959579
15.000000	55.127925
15.000000	56.082061
15.000000	57.855848
15.000000	59.746209
15.000000	60.918480
15.000000	61.237372
15.000000	61.280275
15.000000	62.044773
16.000000	63.128856
16.000000	0.504392
16.000000	2.484220
16.000000	4.041857
16.000000	4.712193
16.000000	4.771831
16.000000	5.098929
16.000000	6.300872
16.000000	8.197624
16.000000	9.958076
16.000000	10.885778
16.000000	11.042521
16.000000	11.204917
16.000000	12.139388
16.000000	13.906738
16.000000	15.798404
16.000000	16.994665
16.000000	17.312412
16.000000	17.378646
16.000000	18.049482
16.000000	19.627047
16.000000	21.578163
16.000000	23.027679
16.000000	23.560319
16.000000	23.604914
16.000000	24.038012
16.000000	25.379826
16.000000	27.314375
16.000000	28.981324
16.000000	29.765879
16.000000	29.864894
16.000000	30.105235
16.000000	31.183995
16.000000	33.027375
16.000000	34.858535
16.000000	35.912028
16.000000	36.137127
16.000000	36.245098
16.000000	37.054410
16.000000	38.739324
16.000000	40.668353
16.000000	41.986422
16.000000	42.399185
16.000000	42.445761
16.000000	43.000650
16.000000	44.472474
16.000000	46.425176
16.000000	47.982449
16.000000	48.629430
16.000000	48.690569
16.000000	49.026211
16.000000	50.247442
16.000000	52.147546
16.000000	53.899846
16.000000	54.808603
16.000000	54.959579
16.000000	55.127925
16.000000	56.082061
16.000000	57.855848
16.000000	59.746209
16.000000	60.918480
16.000000	61.237372
16.000000	61.280275
16.000000	62.044773
17.000000	63.128856
17.000000	0.504392
17.000000	2.484220
17.000000	4.041857
17.000000	4.712193
17.000000	4.771831
17.000000	5.098929
17.000000	6.300872
17.000000	8.197624
17.000000	9.958076
17.000000	10.885778
17.000000	11.042521
17.000000	11.204917
17.000000	12.139388
17.000000	13.906738
17.000000	15.798404
17.000000	16.994665
17.000000	17.312412
17.000000	17.378646
17.000000	18.049482
17.000000	19.627047
17.000000	21.578163
17.000000	23.027679
17.000000	23.560319
17.000000	23.604914
17.000000	24.038012
17.000000	25.379826
17.000000	27.314375
17.000000	28.981324
17.000000	29.765879
17.000000	29.864894
17.000000	30.105235
17.000000	31.183995
17.000000	33.027375
17.000000	34.858535
17.000000	35.912028
17.000000	36.137127
17.000000	36.245098
17.000000	37.054410
17.000000	38.739324
17.000000	40.668353
17.000000	41.986422
17.000000	42.399185
17.000000	42.445761
17.000000	43.000650
17.000000	44.472474
17.000000	46.425176
17.000000	47.982449
17.000000	48.629430
17.000000	48.690569
17.000000	49.026211
17.000000	50.247442
17.000000	52.147546
17.000000	53.899846
17.000000	54.808603
17.000000	54.959579
17.000000	55.127925
17.000000	56.082061
17.000000	57.855848
17.000000	59.746209
17.000000	60.918480
17.000000	61.237372
17.000000	61.280275
17.000000	62.044773
18.000000	63.128856
18.000000	0.504392
18.000000	2.484220
18.000000	4.041857
18.000000	4.712193
18.000000	4.771831
18.000000	5.098929
18.000000	6.300872
18.000000	8.197624
18.000000	9.958076
18.000000	10.885778
18.000000	11.042521
18.000000	11.204917
18.000000	12.139388
18.000000	13.906738
18.000000	15.798404
18.000000	16.994665
18.000000	17.312412
18.000000	17.378646
18.000000	18.049482
18.000000	19.627047
18.000000	21.578163
18.000000	23.027679
18.000000	23.560319
18.000000	23.604914
18.000000	24.038012
18.000000	25.379826
18.000000	27.314375
18.000000	28.981324
18.000000	29.765879
18.000000	29.864894
18.000000	30.105235
18.000000	31.183995
18.000000	33.027375
18.000000	34.858535
18.000000	35.912028
18.000000	36.137127
18.000000	36.245098
18.000000	37.054410
18.000000	38.739324
18.000000	40.668353
18.000000	41.986422
18.000000	42.399185
18.000000	42.445761
18.000000	43.000650
18.000000	44.472474
18.000000	46.425176
18.000000	47.982449
18.000000	48.629430
18.000000	48.690569
18.000000	49.026211
18.000000	50.247442
18.000000	52.147546
18.000000	53.899846
18.000000	54.808603
18.000000	54.959579
18.000000	55.127925
18.000000	56.082061
18.000000	57.855848
18.000000	59.746209
18.000000	60.918480
18.000000	61.237372
18.000000	61.280275
18.000000	62.044773
19.000000	63.128856
19.000000	0.504392
19.000000	2.484220
19.000000	4.041857
19.000000	4.712193
19.000000	4.771831
19.000000	5.098929
19.000000	6.300872
19.000000	8.197624
19.000000	9.958076
19.000000	10.885778
19.000000	11.042521
19.000000	11.204917
19.000000	12.139388
19.000000	13.906738
19.000000	15.798404
19.000000	16.994665
19.000000	17.312412
19.000000	17.378646
19.000000	18.049482
19.000000	19.627047
19.000000	21.578163
19.000000	23.027679
19.000000	23.560319
19.000000	23.604914
19.000000	24.038012
19.000000	25.379826
19.000000	27.314375
19.000000	28.981324
19.000000	29.765879
19.000000	29.864894
19.000000	30.105235
19.000000	31.183995
19.000000	33.027375
19.000000	34.858535
19.000000	35.912028
19.000000	36.137127
19.000000	36.245098
19.000000	37.054410
19.000000	38.739324
19.000000	40.668353
19.000000	41.986422
19.000000	42.399185
19.000000	42.445761
19.000000	43.000650
19.000000	44.472474
19.000000	46.425176
19.000000	47.982449
19.000000	48.629430
19.000000	48.690569
19.000000	49.026211
19.000000	50.247442
19.000000	52.147546
19.000000	53.899846
19.000000	54.808603
19.000000	54.959579
19.000000	55.127925
19.000000	56.082061
19.000000	57.855848
19.000000	59.746209
19.000000	60.918480
19.000000	61.237372
19.000000	61.280275
19.000000	62.044773
20.000000	63.128856
20.000000	0.504392
20.000000	2.484220
20.000000	4.041857
20.000000	4.712193
20.000000	4.771831
20.000000	5.098929
20.000000	6.300872
20.000000	8.197624
20.000000	9.958076
20.000000	10.885778
20.000000	11.042521
20.000000	11.204917
20.000000	12.139388
20.000000	13.906738
20.000000	15.798404
20.000000	16.994665
20.000000	17.312412
20.000000	17.378646
20.000000	18.049482
20.000000	19.627047
20.000000	21.578163
20.000000	23.027679
20.000000	23.560319
20.000000	23.604914
20.000000	24.038012
20.000000	25.379826
20.000000	27.314375
20.000000	28.981324
20.000000	29.765879
20.000000	29.864894
20.000000	30.105235
20.000000	31.183995
20.000000	33.027375
20.000000	34.858535
20.000000	35.912028
20.000000	36.137127
20.000000	36.245098
20.000000	37.054410
20.000000	38.739324
20.000000	40.668353
20.000000	41.986422
20.000000	42.399185
20.000000	42.445761
20.000000	43.000650
20.000000	44.472474
20.000000	46.425176
20.000000	47.982449
20.000000	48.629430
20.000000	48.690569
20.000000	49.026211
20.000000	50.247442
20.000000	52.147546
20.000000	53.899846
20.000000	54.808603
20.000000	54.959579
20.000000	55.127925
20.000000	56.082061
20.000000	57.855848
20.000000	59.746209
20.000000	60.918480
20.000000	61.237372
20.000000	61.280275
20.000000	62.044773
21.000000	63.128856
21.000000	0.504392
21.000000	2.484220
21.000000	4.041857
21.000000	4.712193
21.000000	4.771831
21.000000	5.098929
21.000000	6.300872
21.000000	8.197624
21.000000	9.958076
21.000000	10.885778
21.000000	11.042521
21.000000	11.204917
21.000000	12.139388
21.000000	13.906738
21.000000	15.798404
21.000000	16.994665
21.000000	17.312412
21.000000	17.378646
21.000000	18.049482
21.000000	19.627047
21.000000	21.578163
21.000000	23.027679
21.000000	23.560319
21.000000	23.604914
21.000000	24.038012
21.000000	25.379826
21.000000	27.314375
21.000000	28.981324
21.000000	29.765879
21.000000	29.864894
21.000000	30.105235
21.000000	31.183995
21.000000	33.027375
21.000000	34.858535
21.000000	35.912028
21.000000	36.137127
21.000000	36.245098
21.000000	37.054410
21.000000	38.739324
21.000000	40.668353
21.000000	41.986422
21.000000	42.399185
21.000000	42.445761
21.000000	43.000650
21.000000	44.472474
21.000000	46.425176
21.000000	47.982449
21.000000	48.629430
21.000000	48.690569
21.000000	49.026211
21.000000	50.247442
21.000000	52.147546
21.000000	53.899846
21.000000	54.808603
21.000000	54.959579
21.000000	55.127925
21.000000	56.082061
21.000000	57.855848
21.000000	59.746209
21.000000	60.918480
21.000000	61.237372
21.000000	61.280275
21.000000	62.044773
22.000000	63.128856
22.000000	0.504392
22.000000	2.484220
22.000000	4.041857
22.000000	4.712193
22.000000	4.771831
22.000000	5.098929
22.000000	6.300872
22.000000	8.197624
22.000000	9.958076
22.000000	10.885778
22.000000	11.042521
22.000000	11.204917
22.000000	12.139388
22.000000	13.906738
22.000000	15.798404
22.000000	16.994665
22.000000	17.312412
22.000000	17.378646
22.000000	18.049482
22.000000	19.627047
22.000000	21.578163
22.000000	23.027679
22.000000	23.560319
22.000000	23.604914
22.000000	24.038012
22.000000	25.379826
22.000000	27.314375
22.000000	28.981324
22.000000	29.765879
22.000000	29.864894
22.000000	30.105235
22.000000	31.183995
22.000000	33.027375
22.000000	34.858535
22.000000	35.912028
22.000000	36.137127
22.000000	36.245098
22.000000	37.054410
22.000000	38.739324
22.000000	40.668353
22.000000	41.986422
22.000000	42.399185
22.000000	42.445761
22.000000	43.000650
22.000000	44.472474
22.000000	46.425176
22.000000	47.982449
22.000000	48.629430
22.000000	48.690569
22.000000	49.026211
22.000000	50.247442
22.000000	52.147546
22.000000	53.899846
22.000000	54.808603
22.000000	54.959579
22.000000	55.127925
22.000000	56.082061
22.000000	57.855848
22.000000	59.746209
22.000000	60.918480
22.000000	61.237372
22.000000	61.280275
22.000000	62.044773
23.000000	63.128856
23.000000	0.504392
23.000000	2.484220
23.000000	4.041857
23.000000	4.712193
23.000000	4.771831
23.000000	5.098929
23.000000	6.300872
23.000000	8.197624
23.000000	9.958076
23.000000	10.885778
23.000000	11.042521
23.000000	11.204917
23.000000	12.139388
23.000000	13.906738
23.000000	15.798404
23.000000	16.994665
23.000000	17.312412
23.000000	17.378646
23.000000	18.049482
23.000000	19.627047
23.000000	21.578163
23.000000	23.027679
23.000000	23.560319
23.000000	23.604914
23.000000	24.038012
23.000000	25.379826
23.000000	27.314375
23.000000	28.981324
23.000000	29.765879
23.000000	29.864894
23.000000	30.105235
23.000000	31.183995
23.000000	33.027375
23.000000	34.858535
23.000000	35.912028
23.000000	36.137127
23.000000	36.245098
23.000000	37.054410
23.000000	38.739324
23.000000	40.668353
23.000000	41.986422
23.000000	42.399185
23.000000	42.445761
23.000000	43.000650
23.000000	44.472474
23.000000	46.425176
23.000000	47.982449
23.000000	48.629430
23.000000	48.690569
23.000000	49.026211
23.000000	50.247442
23.000000	52.147546
23.000000	53.899846
23.000000	54.808603
23.000000	54.959579
23.000000	55.127925
23.000000	56.082061
23.000000	57.855848
23.000000	59.746209
23.000000	60.918480
23.000000	61.237372
23.000000	61.280275
23.000000	62.044773
24.000000	63.128856
24.000000	0.504392
24.000000	2.484220
24.000000	4.041857
24.000000	4.712193
24.000000	4.771831
24.000000	5.098929
24.000000	6.300872
24.000000	8.197624
24.000000	9.958076
24.000000	10.885778
24.000000	11.042521
24.000000	11.204917
24.000000	12.139388
24.000000	13.906738
24.000000	15.798404
24.000000	16.994665
24.000000	17.312412
24.000000	17.378646
24.000000	18.049482
24.000000	19.627047
24.000000	21.578163
24.000000	23.027679
24.000000	23.560319
24.000000	23.604914
24.000000	24.038012
24.000000	25.379826
24.000000	27.314375
24.000000	28.981324
24.000000	29.765879
24.000000	29.864894
24.000000	30.105235
24.000000	31.183995
24.000000	33.027375
24.000000	34.858535
24.000000	35.912028
24.000000	36.137127
24.000000	36.245098
24.000000	37.054410
24.000000	38.739324
24.000000	40.668353
24.000000	41.986422
24.000000	42.399185
24.000000	42.445761
24.000000	43.000650
24.000000	44.472474
24.000000	46.425176
24.000000	47.982449
24.000000	48.629430
24.000000	48.690569
24.000000	49.026211
24.000000	50.247442
24.000000	52.147546
24.000000	53.899846
24.000000	54.808603
24.000000	54.959579
24.000000	55.127925
24.000000	56.082061
24.000000	57.855848
24.000000	59.746209
24.000000	60.918480
24.000000	61.237372
24.000000	61.280275
24.000000	62.044773
25.000000	63.128856
25.000000	0.504392
25.000000	2.484220
25.000000	4.041857
25.000000	4.712193
25.000000	4.771831
25.000000	5.098929
25.000000	6.300872
25.000000	8.197624
25.000000	9.958076
25.000000	10.885778
25.000000	11.042521
25.000000	11.204917
25.000000	12.139388
25.000000	13.906738
25.000000	15.798404
25.000000	16.994665
25.000000	17.312412
25.000000	17.378646
25.000000	18.049482
25.000000	19.627047
25.000000	21.578163
25.000000	23.027679
25.000000	23.560319
25.000000	23.604914
25.000000	24.038012
25.000000	25.379826
25.000000	27.314375
25.000000	28.981324
25.000000	29.765879
25.000000	29.864894
25.000000	30.105235
25.000000	31.183995
25.000000	33.027375
25.000000	34.858535
25.000000	35.912028
25.000000	36.137127
25.000000	36.245098
25.000000	37.054410
25.000000	38.739324
25.000000	40.668353
25.000000	41.986422
25.000000	42.399185
25.000000	42.445761
25.000000	43.000650
25.000000	44.472474
25.000000	46.425176
25.000000	47.982449
25.000000	48.629430
25.000000	48.690569
25.000000	49.026211
25.000000	50.247442
25.000000	52.147546
25.000000	53.899846
25.000000	54.808603
25.000000	54.959579
25.000000	55.127925
25.000000	56.082061
25.000000	57.855848
25.000000	59.746209
25.000000	60.918480
25.000000	61.237372
25.000000	61.280275
25.000000	62.044773
26.000000	63.128856
26.000000	0.504392
26.000000	2.484220
26.000000	4.041857
26.000000	4.712193
26.000000	4.771831
26.000000	5.098929
26.000000	6.300872
26.000000	8.197624
26.000000	9.958076
26.000000	10.885778
26.000000	11.042521
26.000000	11.204917
26.000000	12.139388
26.000000	13.906738
26.000000	15.798404
26.000000	16.994665
26.000000	17.312412
26.000000	17.378646
26.000000	18.049482
26.000000	19.627047
26.000000	21.578163
26.000000	23.027679
26.000000	23.560319
26.000000	23.604914
26.000000	24.038012
26.000000	25.379826
26.000000	27.314375
26.000000	28.981324
26.000000	29.765879
26.000000	29.864894
26.000000	30.105235
26.000000	31.183995
26.000000	33.027375
26.000000	34.858535
26.000000	35.912028
26.000000	36.137127
26.000000	36.245098
26.000000	37.054410
26.000000	38.739324
26.000000	40.668353
26.000000	41.986422
26.000000	42.399185
26.000000	42.445761
26.000000	43.000650
26.000000	44.472474
26.000000	46.425176
26.000000	47.982449
26.000000	48.629430
26.000000	48.690569
26.000000	49.026211
26.000000	50.247442
26.000000	52.147546
26.000000	53.899846
26.000000	54.808603
26.000000	54.959579
26.000000	55.127925
26.000000	56.082061
26.000000	57.855848
26.000000	59.746209
26.000000	60.918480
26.000000	61.237372
26.000000	61.280275
26.000000	62.044773
27.000000	63.128856
27.000000	0.504392
27.000000	2.484220
27.000000	4.041857
27.000000	4.712193
27.000000	4.771831
27.000000	5.098929
27.000000	6.300872
27.000000	8.197624
27.000000	9.958076
27.000000	10.885778
27.000000	11.042521
27.000000	11.204917
27.000000	12.139388
27.000000	13.906738
27.000000	15.798404
27.000000	16.994665
27.000000	17.312412
27.000000	17.378646
27.000000	18.049482
27.000000	19.627047
27.000000	21.578163
27.000000	23.027679
27.000000	23.560319
27.000000	23.604914
27.000000	24.038012
27.000000	25.379826
27.000000	27.314375
27.000000	28.981324
27.000000	29.765879
27.000000	29.864894
27.000000	30.105235
27.000000	31.183995
27.000000	33.027375
27.000000	34.858535
27.000000	35.912028
27.000000	36.137127
27.000000	36.245098
27.000000	37.054410
27.000000	38.739324
27.000000	40.668353
27.000000	41.986422
27.000000	42.399185
27.000000	42.445761
27.000000	43.000650
27.000000	44.472474
27.000000	46.425176
27.000000	47.982449
27.000000	48.629430
27.000000	48.690569
27.000000	49.026211
27.000000	50.247442
27.000000	52.147546
27.000000	53.899846
27.000000	54.808603
27.000000	54.959579
27.000000	55.127925
27.000000	56.082061
27.000000	57.855848
27.000000	59.746209
27.000000	60.918480
27.000000	61.237372
27.000000	61.280275
27.000000	62.044773
28.000000	63.128856
28.000000	0.504392
28.000000	2.484220
28.000000	4.041857
28.000000	4.712193
28.000000	4.771831
28.000000	5.098929
28.000000	6.300872
28.000000	8.197624
28.000000	9.958076
28.000000	10.885778
28.000000	11.042521
28.000000	11.204917
28.000000	12.139388
28.000000	13.906738
28.000000	15.798404
28.000000	16.994665
28.000000	17.312412
28.000000	17.378646
28.000000	18.049482
28.000000	19.627047
28.000000	21.578163
28.000000	23.027679
28.000000	23.560319
28.000000	23.604914
28.000000	24.038012
28.000000	25.379826
28.000000	27.314375
28.000000	28.981324
28.000000	29.765879
28.000000	29.864894
28.000000	30.105235
28.000000	31.183995
28.000000	33.027375
28.000000	34.858535
28.000000	35.912028
28.000000	36.137127
28.000000	36.245098
28.000000	37.054410
28.000000	38.739324
28.000000	40.668353
28.000000	41.986422
28.000000	42.399185
28.000000	42.445761
28.000000	43.000650
28.000000	44.472474
28.000000	46.425176
28.000000	47.982449
28.000000	48.629430
28.000000	48.690569
28.000000	49.026211
28.000000	50.247442
28.000000	52.147546
28.000000	53.899846
28.000000	54.808603
28.000000	54.959579
28.000000	55.127925
28.000000	56.082061
28.000000	57.855848
28.000000	59.746209
28.000000	60.918480
28.000000	61.237372
28.000000	61.280275
28.000000	62.044773
29.000000	63.128856
29.000000	0.504392
29.000000	2.484220
29.000000	4.041857
29.000000	4.712193
29.000000	4.771831
29.000000	5.098929
29.000000	6.300872
29.000000	8.197624
29.000000	9.958076
29.000000	10.885778
29.000000	11.042521
29.000000	11.204917
29.000000	12.139388
29.000000	13.906738
29.000000	15.798404
29.000000	16.994665
29.000000	17.312412
29.000000	17.378646
29.000000	18.049482
29.000000	19.627047
29.000000	21.578163
29.000000	23.027679
29.000000	23.560319
29.000000	23.604914
29.000000	24.038012
29.000000	25.379826
29.000000	27.314375
29.000000	28.981324
29.000000	29.765879
29.000000	29.864894
29.000000	30.105235
29.000000	31.183995
29.000000	33.027375
29.000000	34.858535
29.000000	35.912028
29.000000	36.137127
29.000000	36.245098
29.000000	37.054410
29.000000	38.739324
29.000000	40.668353
29.000000	41.986422
29.000000	42.399185
29.000000	42.445761
29.000000	43.000650
29.000000	44.472474
29.000000	46.425176
29.000000	47.982449
29.000000	48.629430
29.000000	48.690569
29.000000	49.026211
29.000000	50.247442
29.000000	52.147546
29.000000	53.899846
29.000000	54.808603
29.000000	54.959579
29.000000	55.127925
29.000000	56.082061
29.000000	57.855848
29.000000	59.746209
29.000000	60.918480
29.000000	61.237372
29.000000	61.280275
29.000000	62.044773
30.000000	63.128856
30.000000	0.504392
30.000000	2.484220
30.000000	4.041857
30.000000	4.712193
30.000000	4.771831
30.000000	5.098929
30.000000	6.300872
30.000000	8.197624
30.000000	9.958076
30.000000	10.885778
30.000000	11.042521
30.000000	11.204917
30.000000	12.139388
30.000000	13.906738
30.000000	15.798404
30.000000	16.994665
30.000000	17.312412
30.000000	17.378646
30.000000	18.049482
30.000000	19.627047
30.000000	21.578163
30.000000	23.027679
30.000000	23.560319
30.000000	23.604914
30.000000	24.038012
30.000000	25.379826
30.000000	27.314375
30.000000	28.981324
30.000000	29.765879
30.000000	29.864894
30.000000	30.105235
30.000000	31.183995
30.000000	33.027375
30.000000	34.858535
30.000000	35.912028
30.000000	36.137127
30.000000	36.245098
30.000000	37.054410
30.000000	38.739324
30.000000	40.668353
30.000000	41.986422
30.000000	42.399185
30.000000	42.445761
30.000000	43.000650
30.000000	44.472474
30.000000	46.425176
30.000000	47.982449
30.000000	48.629430
30.000000	48.690569
30.000000	49.026211
30.000000	50.247442
30.000000	52.147546
30.000000	53.899846
30.000000	54.808603
30.000000	54.959579
30.000000	55.127925
30.000000	56.082061
30.000000	57.855848
30.000000	59.746209
30.000000	60.918480
30.000000	61.237372
30.000000	61.280275
30.000000	62.044773
31.000000	63.128856
31.000000	0.504392
31.000000	2.484220
31.000000	4.041857
31.000000	4.712193
31.000000	4.771831
31.000000	5.098929
31.000000	6.300872
31.000000	8.197624
31.000000	9.958076
31.000000	10.885778
31.000000	11.042521
31.000000	11.204917
31.000000	12.139388
31.000000	13.906738
31.000000	15.798404
31.000000	16.994665
31.000000	17.312412
31.000000	17.378646
31.000000	18.049482
31.000000	19.627047
31.000000	21.578163
31.000000	23.027679
31.000000	23.560319
31.000000	23.604914
31.000000	24.038012
31.000000	25.379826
31.000000	27.314375
31.000000	28.981324
31.000000	29.765879
31.000000	29.864894
31.000000	30.105235
31.000000	31.183995
31.000000	33.027375
31.000000	34.858535
31.000000	35.912028
31.000000	36.137127
31.000000	36.245098
31.000000	37.054410
31.000000	38.739324
31.000000	40.668353
31.000000	41.986422
31.000000	42.399185
31.000000	42.445761
31.000000	43.000650
31.000000	44.472474
31.000000	46.425176
31.000000	47.982449
31.000000	48.629430
31.000000	48.690569
31.000000	49.026211
31.000000	50.247442
31.000000	52.147546
31.000000	53.899846
31.000000	54.808603
31.000000	54.959579
31.000000	55.127925
31.000000	56.082061
31.000000	57.855848
31.000000	59.746209
31.000000	60.918480
31.000000	61.237372
31.000000	61.280275
31.000000	62.044773
32.000000	63.128856
32.000000	0.504392
32.000000	2.484220
32.000000	4.041857
32.000000	4.712193
32.000000	4.771831
32.000000	5.098929
32.000000	6.300872
32.000000	8.197624
32.000000	9.958076
32.000000	10.885778
32.000000	11.042521
32.000000	11.204917
32.000000	12.139388
32.000000	13.906738
32.000000	15.798404
32.000000	16.994665
32.000000	17.312412
32.000000	17.378646
32.000000	18.049482
32.000000	19.627047
32.000000	21.578163
32.000000	23.027679
32.000000	23.560319
32.000000	23.604914
32.000000	24.038012
32.000000	25.379826
32.000000	27.314375
32.000000	28.981324
32.000000	29.765879
32.000000	29.864894
32.000000	30.105235
32.000000	31.183995
32.000000	33.027375
32.000000	34.858535
32.000000	35.912028
32.000000	36.137127
32.000000	36.245098
32.000000	37.054410
32.000000	38.739324
32.000000	40.668353
32.000000	41.986422
32.000000	42.399185
32.000000	42.445761
32.000000	43.000650
32.000000	44.472474
32.000000	46.425176
32.000000	47.982449
32.000000	48.629430
32.000000	48.690569
32.000000	49.026211
32.000000	50.247442
32.000000	52.147546
32.000000	53.899846
32.000000	54.808603
32.000000	54.959579
32.000000	55.127925
32.000000	56.082061
32.000000	57.855848
32.000000	59.746209
32.000000	60.918480
32.000000	61.237372
32.000000	61.280275
32.000000	62.044773
33.000000	63.128856
33.000000	0.504392
33.000000	2.484220
33.000000	4.041857
33.000000	4.712193
33.000000	4.771831
33.000000	5.098929
33.000000	6.300872
33.000000	8.197624
33.000000	9.958076
33.000000	10.885778
33.000000	11.042521
33.000000	11.204917
33.000000	12.139388
33.000000	13.906738
33.000000	15.798404
33.000000	16.994665
33.000000	17.312412
33.000000	17.378646
33.000000	18.049482
33.000000	19.627047
33.000000	21.578163
33.000000	23.027679
33.000000	23.560319
33.000000	23.604914
33.000000	24.038012
33.000000	25.379826
33.000000	27.314375
33.000000	28.981324
33.000000	29.765879
33.000000	29.864894
33.000000	30.105235
33.000000	31.183995
33.000000	33.027375
33.000000	34.858535
33.000000	35.912028
33.000000	36.137127
33.000000	36.245098
33.000000	37.054410
33.000000	38.739324
33.000000	40.668353
33.000000	41.986422
33.000000	42.399185
33.000000	42.445761
33.000000	43.000650
33.000000	44.472474
33.000000	46.425176
33.000000	47.982449
33.000000	48.629430
33.000000	48.690569
33.000000	49.026211
33.000000	50.247442
33.000000	52.147546
33.000000	53.899846
33.000000	54.808603
33.000000	54.959579
33.000000	55.127925
33.000000	56.082061
33.000000	57.855848
33.000000	59.746209
33.000000	60.918480
33.000000	61.237372
33.000000	61.280275
33.000000	62.044773
34.000000	63.128856
34.000000	0.504392
34.000000	2.484220
34.000000	4.041857
34.000000	4.712193
34.000000	4.771831
34.000000	5.098929
34.000000	6.300872
34.000000	8.197624
34.000000	9.958076
34.000000	10.885778
34.000000	11.042521
34.000000	11.204917
34.000000	12.139388
34.000000	13.906738
34.000000	15.798404
34.000000	16.994665
34.000000	17.312412
34.000000	17.378646
34.000000	18.049482
34.000000	19.627047
34.000000	21.578163
34.000000	23.027679
34.000000	23.560319
34.000000	23.604914
34.000000	24.038012
34.000000	25.379826
34.000000	27.314375
34.000000	28.981324
34.000000	29.765879
34.000000	29.864894
34.000000	30.105235
34.000000	31.183995
34.000000	33.027375
34.000000	34.858535
34.000000	35.912028
34.000000	36.137127
34.000000	36.245098
34.000000	37.054410
34.000000	38.739324
34.000000	40.668353
34.000000	41.986422
34.000000	42.399185
34.000000	42.445761
34.000000	43.000650
34.000000	44.472474
34.000000	46.425176
34.000000	47.982449
34.000000	48.629430
34.000000	48.690569
34.000000	49.026211
34.000000	50.247442
34.000000	52.147546
34.000000	53.899846
34.000000	54.808603
34.000000	54.959579
34.000000	55.127925
34.000000	56.082061
34.000000	57.855848
34.000000	59.746209
34.000000	60.918480
34.000000	61.237372
34.000000	61.280275
34.000000	62.044773
35.000000	63.128856
35.000000	0.504392
35.000000	2.484220
35.000000	4.041857
35.000000	4.712193
35.000000	4.771831
35.000000	5.098929
35.000000	6.300872
35.000000	8.197624
35.000000	9.958076
35.000000	10.885778
35.000000	11.042521
35.000000	11.204917
35.000000	12.139388
35.000000	13.906738
35.000000	15.798404
35.000000	16.994665
35.000000	17.312412
35.000000	17.378646
35.000000	18.049482
35.000000	19.627047
35.000000	21.578163
35.000000	23.027679
35.000000	23.560319
35.000000	23.604914
35.000000	24.038012
35.000000	25.379826
35.000000	27.314375
35.000000	28.981324
35.000000	29.765879
35.000000	29.864894
35.000000	30.105235
35.000000	31.183995
35.000000	33.027375
35.000000	34.858535
35.000000	35.912028
35.000000	36.137127
35.000000	36.245098
35.000000	37.054410
35.000000	38.739324
35.000000	40.668353
35.000000	41.986422
35.000000	42.399185
35.000000	42.445761
35.000000	43.000650
35.000000	44.472474
35.000000	46.425176
35.000000	47.982449
35.000000	48.629430
35.000000	48.690569
35.000000	49.026211
35.000000	50.247442
35.000000	52.147546
35.000000	53.899846
35.000000	54.808603
35.000000	54.959579
35.000000	55.127925
35.000000	56.082061
35.000000	57.855848
35.000000	59.746209
35.000000	60.918480
35.000000	61.237372
35.000000	61.280275
35.000000	62.044773
36.000000	63.128856
36.000000	0.504392
36.000000	2.484220
36.000000	4.041857
36.000000	4.712193
36.000000	4.771831
36.000000	5.098929
36.000000	6.300872
36.000000	8.197624
36.000000	9.958076
36.000000	10.885778
36.000000	11.042521
36.000000	11.204917
36.000000	12.139388
36.000000	13.906738
36.000000	15.798404
36.000000	16.994665
36.000000	17.312412
36.000000	17.378646
36.000000	18.049482
36.000000	19.627047
36.000000	21.578163
36.000000	23.027679
36.000000	23.560319
36.000000	23.604914
36.000000	24.038012
36.000000	25.379826
36.000000	27.314375
36.000000	28.981324
36.000000	29.765879
36.000000	29.864894
36.000000	30.105235
36.000000	31.183995
36.000000	33.027375
36.000000	34.858535
36.000000	35.912028
36.000000	36.137127
36.000000	36.245098
36.000000	37.054410
36.000000	38.739324
36.000000	40.668353
36.000000	41.986422
36.000000	42.399185
36.000000	42.445761
36.000000	43.000650
36.000000	44.472474
36.000000	46.425176
36.000000	47.982449
36.000000	48.629430
36.000000	48.690569
36.000000	49.026211
36.000000	50.247442
36.000000	52.147546
36.000000	53.899846
36.000000	54.808603
36.000000	54.959579
36.000000	55.127925
36.000000	56.082061
36.000000	57.855848
36.000000	59.746209
36.000000	60.918480
36.000000	61.237372
36.000000	61.280275
36.000000	62.044773
37.000000	63.128856
37.000000	0.504392
37.000000	2.484220
37.000000	4.041857
37.000000	4.712193
37.000000	4.771831
37.000000	5.098929
37.000000	6.300872
37.000000	8.197624
37.000000	9.958076
37.000000	10.885778
37.000000	11.042521
37.000000	11.204917
37.000000	12.139388
37.000000	13.906738
37.000000	15.798404
37.000000	16.994665
37.000000	17.312412
37.000000	17.378646
37.000000	18.049482
37.000000	19.627047
37.000000	21.578163
37.000000	23.027679
37.000000	23.560319
37.000000	23.604914
37.000000	24.038012
37.000000	25.379826
37.000000	27.314375
37.000000	28.981324
37.000000	29.765879
37.000000	29.864894
37.000000	30.105235
37.000000	31.183995
37.000000	33.027375
37.000000	34.858535
37.000000	35.912028
37.000000	36.137127
37.000000	36.245098
37.000000	37.054410
37.000000	38.739324
37.000000	40.668353
37.000000	41.986422
37.000000	42.399185
37.000000	42.445761
37.000000	43.000650
37.000000	44.472474
37.000000	46.425176
37.000000	47.982449
37.000000	48.629430
37.000000	48.690569
37.000000	49.026211
37.000000	50.247442
37.000000	52.147546
37.000000	53.899846
37.000000	54.808603
37.000000	54.959579
37.000000	55.127925
37.000000	56.082061
37.000000	57.855848
37.000000	59.746209
37.000000	60.918480
37.000000	61.237372
37.000000	61.280275
37.000000	62.044773
38.000000	63.128856
38.000000	0.504392
38.000000	2.484220
38.000000	4.041857
38.000000	4.712193
38.000000	4.771831
38.000000	5.098929
38.000000	6.300872
38.000000	8.197624
38.000000	9.958076
38.000000	10.885778
38.000000	11.042521
38.000000	11.204917
38.000000	12.139388
38.000000	13.906738
38.000000	15.798404
38.000000	16.994665
38.000000	17.312412
38.000000	17.378646
38.000000	18.049482
38.000000	19.627047
38.000000	21.578163
38.000000	23.027679
38.000000	23.560319
38.000000	23.604914
38.000000	24.038012
38.000000	25.379826
38.000000	27.314375
38.000000	28.981324
38.000000	29.765879
38.000000	29.864894
38.000000	30.105235
38.000000	31.183995
38.000000	33.027375
38.000000	34.858535
38.000000	35.912028
38.000000	36.137127
38.000000	36.245098
38.000000	37.054410
38.000000	38.739324
38.000000	40.668353
38.000000	41.986422
38.000000	42.399185
38.000000	42.445761
38.000000	43.000650
38.000000	44.472474
38.000000	46.425176
38.000000	47.982449
38.000000	48.629430
38.000000	48.690569
38.000000	49.026211
38.000000	50.247442
38.000000	52.147546
38.000000	53.899846
38.000000	54.808603
38.000000	54.959579
38.000000	55.127925
38.000000	56.082061
38.000000	57.855848
38.000000	59.746209
38.000000	60.918480
38.000000	61.237372
38.000000	61.280275
38.000000	62.044773
39.000000	63.128856
39.000000	0.504392
39.000000	2.484220
39.000000	4.041857
39.000000	4.712193
39.000000	4.771831
39.000000	5.098929
39.000000	6.300872
39.000000	8.197624
39.000000	9.958076
39.000000	10.885778
39.000000	11.042521
39.000000	11.204917
39.000000	12.139388
39.000000	13.906738
39.000000	15.798404
39.000000	16.994665
39.000000	17.312412
39.000000	17.378646
39.000000	18.049482
39.000000	19.627047
39.000000	21.578163
39.000000	23.027679
39.000000	23.560319
39.000000	23.604914
39.000000	24.038012
39.000000	25.379826
39.000000	27.314375
39.000000	28.981324
39.000000	29.765879
39.000000	29.864894
39.000000	30.105235
39.000000	31.183995
39.000000	33.027375
39.000000	34.858535
39.000000	35.912028
39.000000	36.137127
39.000000	36.245098
39.000000	37.054410
39.000000	38.739324
39.000000	40.668353
39.000000	41.986422
39.000000	42.399185
39.000000	42.445761
39.000000	43.000650
39.000000	44.472474
39.000000	46.425176
39.000000	47.982449
39.000000	48.629430
39.000000	48.690569
39.000000	49.026211
39.000000	50.247442
39.000000	52.147546
39.000000	53.899846
39.000000	54.808603
39.000000	54.959579
39.000000	55.127925
39.000000	56.082061
39.000000	57.855848
39.000000	59.746209
39.000000	60.918480
39.000000	61.237372
39.000000	61.280275
39.000000	62.044773
40.000000	63.128856
40.000000	0.504392
40.000000	2.484220
40.000000	4.041857
40.000000	4.712193
40.000000	4.771831
40.000000	5.098929
40.000000	6.300872
40.000000	8.197624
40.000000	9.958076
40.000000	10.885778
40.000000	11.042521
40.000000	11.204917
40.000000	12.139388
40.000000	13.906738
40.000000	15.798404
40.000000	16.994665
40.000000	17.312412
40.000000	17.378646
40.000000	18.049482
40.000000	19.627047
40.000000	21.578163
40.000000	23.027679
40.000000	23.560319
40.000000	23.604914
40.000000	24.038012
40.000000	25.379826
40.000000	27.314375
40.000000	28.981324
40.000000	29.765879
40.000000	29.864894
40.000000	30.105235
40.000000	31.183995
40.000000	33.027375
40.000000	34.858535
40.000000	35.912028
40.000000	36.137127
40.000000	36.245098
40.000000	37.054410
40.000000	38.739324
40.000000	40.668353
40.000000	41.986422
40.000000	42.399185
40.000000	42.445761
40.000000	43.000650
40.000000	44.472474
40.000000	46.425176
40.000000	47.982449
40.000000	48.629430
40.000000	48.690569
40.000000	49.026211
40.000000	50.247442
40.000000	52.147546
40.000000	53.899846
40.000000	54.808603
40.000000	54.959579
40.000000	55.127925
40.000000	56.082061
40.000000	57.855848
40.000000	59.746209
40.000000	60.918480
40.000000	61.237372
40.000000	61.280275
40.000000	62.044773
41.000000	63.128856
41.000000	0.504392
41.000000	2.484220
41.000000	4.041857
41.000000	4.712193
41.000000	4.771831
41.000000	5.098929
41.000000	6.300872
41.000000	8.197624
41.000000	9.958076
41.000000	10.885778
41.000000	11.042521
41.000000	11.204917
41.000000	12.139388
41.000000	13.906738
41.000000	15.798404
41.000000	16.994665
41.000000	17.312412
41.000000	17.378646
41.000000	18.049482
41.000000	19.627047
41.000000	21.578163
41.000000	23.027679
41.000000	23.560319
41.000000	23.604914
41.000000	24.038012
41.000000	25.379826
41.000000	27.314375
41.000000	28.981324
41.000000	29.765879
41.000000	29.864894
41.000000	30.105235
41.000000	31.183995
41.000000	33.027375
41.000000	34.858535
41.000000	35.912028
41.000000	36.137127
41.000000	36.245098
41.000000	37.054410
41.000000	38.739324
41.000000	40.668353
41.000000	41.986422
41.000000	42.399185
41.000000	42.445761
41.000000	43.000650
41.000000	44.472474
41.000000	46.425176
41.000000	47.982449
41.000000	48.629430
41.000000	48.690569
41.000000	49.026211
41.000000	50.247442
41.000000	52.147546
41.000000	53.899846
41.000000	54.808603
41.000000	54.959579
41.000000	55.127925
41.000000	56.082061
41.000000	57.855848
41.000000	59.746209
41.000000	60.918480
41.000000	61.237372
41.000000	61.280275
41.000000	62.044773
42.000000	63.128856
42.000000	0.504392
42.000000	2.484220
42.000000	4.041857
42.000000	4.712193
42.000000	4.771831
42.000000	5.098929
42.000000	6.300872
42.000000	8.197624
42.000000	9.958076
42.000000	10.885778
42.000000	11.042521
42.000000	11.204917
42.000000	12.139388
42.000000	13.906738
42.000000	15.798404
42.000000	16.994665
42.000000	17.312412
42.000000	17.378646
42.000000	18.049482
42.000000	19.627047
42.000000	21.578163
42.000000	23.027679
42.000000	23.560319
42.000000	23.604914
42.000000	24.038012
42.000000	25.379826
42.000000	27.314375
42.000000	28.981324
42.000000	29.765879
42.000000	29.864894
42.000000	30.105235
42.000000	31.183995
42.000000	33.027375
42.000000	34.858535
42.000000	35.912028
42.000000	36.137127
42.000000	36.245098
42.000000	37.054410
42.000000	38.739324
42.000000	40.668353
42.000000	41.986422
42.000000	42.399185
42.000000	42.445761
42.000000	43.000650
42.000000	44.472474
42.000000	46.425176
42.000000	47.982449
42.000000	48.629430
42.000000	48.690569
42.000000	49.026211
42.000000	50.247442
42.000000	52.147546
42.000000	53.899846
42.000000	54.808603
42.000000	54.959579
42.000000	55.127925
42.000000	56.082061
42.000000	57.855848
42.000000	59.746209
42.000000	60.918480
42.000000	61.237372
42.000000	61.280275
42.000000	62.044773
43.000000	63.128856
43.000000	0.504392
43.000000	2.484220
43.000000	4.041857
43.000000	4.712193
43.000000	4.771831
43.000000	5.098929
43.000000	6.300872
43.000000	8.197624
43.000000	9.958076
43.000000	10.885778
43.000000	11.042521
43.000000	11.204917
43.000000	12.139388
43.000000	13.906738
43.000000	15.798404
43.000000	16.994665
43.000000	17.312412
43.000000	17.378646
43.000000	18.049482
43.000000	19.627047
43.000000	21.578163
43.000000	23.027679
43.000000	23.560319
43.000000	23.604914
43.000000	24.038012
43.000000	25.379826
43.000000	27.314375
43.000000	28.981324
43.000000	29.765879
43.000000	29.864894
43.000000	30.105235
43.000000	31.183995
43.000000	33.027375
43.000000	34.858535
43.000000	35.912028
43.000000	36.137127
43.000000	36.245098
43.000000	37.054410
43.000000	38.739324
43.000000	40.668353
43.000000	41.986422
43.000000	42.399185
43.000000	42.445761
43.000000	43.000650
43.000000	44.472474
43.000000	46.425176
43.000000	47.982449
43.000000	48.629430
43.000000	48.690569
43.000000	49.026211
43.000000	50.247442
43.000000	52.147546
43.000000	53.899846
43.000000	54.808603
43.000000	54.959579
43.000000	55.127925
43.000000	56.082061
43.000000	57.855848
43.000000	59.746209
43.000000	60.918480
43.000000	61.237372
43.000000	61.280275
43.000000	62.044773
44.000000	63.128856
44.000000	0.504392
44.000000	2.484220
44.000000	4.041857
44.000000	4.712193
44.000000	4.771831
44.000000	5.098929
44.000000	6.300872
44.000000	8.197624
44.000000	9.958076
44.000000	10.885778
44.000000	11.042521
44.000000	11.204917
44.000000	12.139388
44.000000	13.906738
44.000000	15.798404
44.000000	16.994665
44.000000	17.312412
44.000000	17.378646
44.000000	18.049482
44.000000	19.627047
44.000000	21.578163
44.000000	23.027679
44.000000	23.560319
44.000000	23.604914
44.000000	24.038012
44.000000	25.379826
44.000000	27.314375
44.000000	28.981324
44.000000	29.765879
44.000000	29.864894
44.000000	30.105235
44.000000	31.183995
44.000000	33.027375
44.000000	34.858535
44.000000	35.912028
44.000000	36.137127
44.000000	36.245098
44.000000	37.054410
44.000000	38.739324
44.000000	40.668353
44.000000	41.986422
44.000000	42.399185
44.000000	42.445761
44.000000	43.000650
44.000000	44.472474
44.000000	46.425176
44.000000	47.982449
44.000000	48.629430
44.000000	48.690569
44.000000	49.026211
44.000000	50.247442
44.000000	52.147546
44.000000	53.899846
44.000000	54.808603
44.000000	54.959579
44.000000	55.127925
44.000000	56.082061
44.000000	57.855848
44.000000	59.746209
44.000000	60.918480
44.000000	61.237372
44.000000	61.280275
44.000000	62.044773
45.000000	63.128856
45.000000	0.504392
45.000000	2.484220
45.000000	4.041857
45.000000	4.712193
45.000000	4.771831
45.000000	5.098929
45.000000	6.300872
45.000000	8.197624
45.000000	9.958076
45.000000	10.885778
45.000000	11.042521
45.000000	11.204917
45.000000	12.139388
45.000000	13.906738
45.000000	15.798404
45.000000	16.994665
45.000000	17.312412
45.000000	17.378646
45.000000	18.049482
45.000000	19.627047
45.000000	21.578163
45.000000	23.027679
45.000000	23.560319
45.000000	23.604914
45.000000	24.038012
45.000000	25.379826
45.000000	27.314375
45.000000	28.981324
45.000000	29.765879
45.000000	29.864894
45.000000	30.105235
45.000000	31.183995
45.000000	33.027375
45.000000	34.858535
45.000000	35.912028
45.000000	36.137127
45.000000	36.245098
45.000000	37.054410
45.000000	38.739324
45.000000	40.668353
45.000000	41.986422
45.000000	42.399185
45.000000	42.445761
45.000000	43.000650
45.000000	44.472474
45.000000	46.425176
45.000000	47.982449
45.000000	48.629430
45.000000	48.690569
45.000000	49.026211
45.000000	50.247442
45.000000	52.147546
45.000000	53.899846
45.000000	54.808603
45.000000	54.959579
45.000000	55.127925
45.000000	56.082061
45.000000	57.855848
45.000000	59.746209
45.000000	60.918480
45.000000	61.237372
45.000000	61.280275
45.000000	62.044773
46.000000	63.128856
46.000000	0.504392
46.000000	2.484220
46.000000	4.041857
46.000000	4.712193
46.000000	4.771831
46.000000	5.098929
46.000000	6.300872
46.000000	8.197624
46.000000	9.958076
46.000000	10.885778
46.000000	11.042521
46.000000	11.204917
46.000000	12.139388
46.000000	13.906738
46.000000	15.798404
46.000000	16.994665
46.000000	17.312412
46.000000	17.378646
46.000000	18.049482
46.000000	19.627047
46.000000	21.578163
46.000000	23.027679
46.000000	23.560319
46.000000	23.604914
46.000000	24.038012
46.000000	25.379826
46.000000	27.314375
46.000000	28.981324
46.000000	29.765879
46.000000	29.864894
46.000000	30.105235
46.000000	31.183995
46.000000	33.027375
46.000000	34.858535
46.000000	35.912028
46.000000	36.137127
46.000000	36.245098
46.000000	37.054410
46.000000	38.739324
46.000000	40.668353
46.000000	41.986422
46.000000	42.399185
46.000000	42.445761
46.000000	43.000650
46.000000	44.472474
46.000000	46.425176
46.000000	47.982449
46.000000	48.629430
46.000000	48.690569
46.000000	49.026211
46.000000	50.247442
46.000000	52.147546
46.000000	53.899846
46.000000	54.808603
46.000000	54.959579
46.000000	55.127925
46.000000	56.082061
46.000000	57.855848
46.000000	59.746209
46.000000	60.918480
46.000000	61.237372
46.000000	61.280275
46.000000	62.044773
47.000000	63.128856
47.000000	0.504392
47.000000	2.484220
47.000000	4.041857
47.000000	4.712193
47.000000	4.771831
47.000000	5.098929
47.000000	6.300872
47.000000	8.197624
47.000000	9.958076
47.000000	10.885778
47.000000	11.042521
47.000000	11.204917
47.000000	12.139388
47.000000	13.906738
47.000000	15.798404
47.000000	16.994665
47.000000	17.312412
47.000000	17.378646
47.000000	18.049482
47.000000	19.627047
47.000000	21.578163
47.000000	23.027679
47.000000	23.560319
47.000000	23.604914
47.000000	24.038012
47.000000	25.379826
47.000000	27.314375
47.000000	28.981324
47.000000	29.765879
47.000000	29.864894
47.000000	30.105235
47.000000	31.183995
47.000000	33.027375
47.000000	34.858535
47.000000	35.912028
47.000000	36.137127
47.000000	36.245098
47.000000	37.054410
47.000000	38.739324
47.000000	40.668353
47.000000	41.986422
47.000000	42.399185
47.000000	42.445761
47.000000	43.000650
47.000000	44.472474
47.000000	46.425176
47.000000	47.982449
47.000000	48.629430
47.000000	48.690569
47.000000	49.026211
47.000000	50.247442
47.000000	52.147546
47.000000	53.899846
47.000000	54.808603
47.000000	54.959579
47.000000	55.127925
47.000000	56.082061
47.000000	57.855848
47.000000	59.746209
47.000000	60.918480
47.000000	61.237372
47.000000	61.280275
47.000000	62.044773
48.000000	63.128856
48.000000	0.504392
48.000000	2.484220
48.000000	4.041857
48.000000	4.712193
48.000000	4.771831
48.000000	5.098929
48.000000	6.300872
48.000000	8.197624
48.000000	9.958076
48.000000	10.885778
48.000000	11.042521
48.000000	11.204917
48.000000	12.139388
48.000000	13.906738
48.000000	15.798404
48.000000	16.994665
48.000000	17.312412
48.000000	17.378646
48.000000	18.049482
48.000000	19.627047
48.000000	21.578163
48.000000	23.027679
48.000000	23.560319
48.000000	23.604914
48.000000	24.038012
48.000000	25.379826
48.000000	27.314375
48.000000	28.981324
48.000000	29.765879
48.000000	29.864894
48.000000	30.105235
48.000000	31.183995
48.000000	33.027375
48.000000	34.858535
48.000000	35.912028
48.000000	36.137127
48.000000	36.245098
48.000000	37.054410
48.000000	38.739324
48.000000	40.668353
48.000000	41.986422
48.000000	42.399185
48.000000	42.445761
48.000000	43.000650
48.000000	44.472474
48.000000	46.425176
48.000000	47.982449
48.000000	48.629430
48.000000	48.690569
48.000000	49.026211
48.000000	50.247442
48.000000	52.147546
48.000000	53.899846
48.000000	54.808603
48.000000	54.959579
48.000000	55.127925
48.000000	56.082061
48.000000	57.855848
48.000000	59.746209
48.000000	60.918480
48.000000	61.237372
48.000000	61.280275
48.000000	62.044773
49.000000	63.128856
49.000000	0.504392
49.000000	2.484220
49.000000	4.041857
49.000000	4.712193
49.000000	4.771831
49.000000	5.098929
49.000000	6.300872
49.000000	8.197624
49.000000	9.958076
49.000000	10.885778
49.000000	11.042521
49.000000	11.204917
49.000000	12.139388
49.000000	13.906738
49.000000	15.798404
49.000000	16.994665
49.000000	17.312412
49.000000	17.378646
49.000000	18.049482
49.000000	19.627047
49.000000	21.578163
49.000000	23.027679
49.000000	23.560319
49.000000	23.604914
49.000000	24.038012
49.000000	25.379826
49.000000	27.314375
49.000000	28.981324
49.000000	29.765879
49.000000	29.864894
49.000000	30.105235
49.000000	31.183995
49.000000	33.027375
49.000000	34.858535
49.000000	35.912028
49.000000	36.137127
49.000000	36.245098
49.000000	37.054410
49.000000	38.739324
49.000000	40.668353
49.000000	41.986422
49.000000	42.399185
49.000000	42.445761
49.000000	43.000650
49.000000	44.472474
49.000000	46.425176
49.000000	47.982449
49.000000	48.629430
49.000000	48.690569
49.000000	49.026211
49.000000	50.247442
49.000000	52.147546
49.000000	53.899846
49.000000	54.808603
49.000000	54.959579
49.000000	55.127925
49.000000	56.082061
49.000000	57.855848
49.000000	59.746209
49.000000	60.918480
49.000000	61.237372
49.000000	61.280275
49.000000	62.044773
50.000000	63.128856
50.000000	0.504392
50.000000	2.484220
50.000000	4.041857
50.000000	4.712193
50.000000	4.771831
50.000000	5.098929
50.000000	6.300872
50.000000	8.197624
50.000000	9.958076
50.000000	10.885778
50.000000	11.042521
50.000000	11.204917
50.000000	12.139388
50.000000	13.906738
50.000000	15.798404
50.000000	16.994665
50.000000	17.312412
50.000000	17.378646
50.000000	18.049482
50.000000	19.627047
50.000000	21.578163
50.000000	23.027679
50.000000	23.560319
50.000000	23.604914
50.000000	24.038012
50.000000	25.379826
50.000000	27.314375
50.000000	28.981324
50.000000	29.765879
50.000000	29.864894
50.000000	30.105235
50.000000	31.183995
50.000000	33.027375
50.000000	34.858535
50.000000	35.912028
50.000000	36.137127
50.000000	36.245098
50.000000	37.054410
50.000000	38.739324
50.000000	40.668353
50.000000	41.986422
50.000000	42.399185
50.000000	42.445761
50.000000	43.000650
50.000000	44.472474
50.000000	46.425176
50.000000	47.982449
50.000000	48.629430
50.000000	48.690569
50.000000	49.026211
50.000000	50.247442
50.000000	52.147546
50.000000	53.899846
50.000000	54.808603
50.000000	54.959579
50.000000	55.127925
50.000000	56.082061
50.000000	57.855848
50.000000	59.746209
50.000000	60.918480
50.000000	61.237372
50.000000	61.280275
50.000000	62.044773
51.000000	63.128856
51.000000	0.504392
51.000000	2.484220
51.000000	4.041857
51.000000	4.712193
51.000000	4.771831
51.000000	5.098929
51.000000	6.300872
51.000000	8.197624
51.000000	9.958076
51.000000	10.885778
51.000000	11.042521
51.000000	11.204917
51.000000	12.139388
51.000000	13.906738
51.000000	15.798404
51.000000	16.994665
51.000000	17.312412
51.000000	17.378646
51.000000	18.049482
51.000000	19.627047
51.000000	21.578163
51.000000	23.027679
51.000000	23.560319
51.000000	23.604914
51.000000	24.038012
51.000000	25.379826
51.000000	27.314375
51.000000	28.981324
51.000000	29.765879
51.000000	29.864894
51.000000	30.105235
51.000000	31.183995
51.000000	33.027375
51.000000	34.858535
51.000000	35.912028
51.000000	36.137127
51.000000	36.245098
51.000000	37.054410
51.000000	38.739324
51.000000	40.668353
51.000000	41.986422
51.000000	42.399185
51.000000	42.445761
51.000000	43.000650
51.000000	44.472474
51.000000	46.425176
51.000000	47.982449
51.000000	48.629430
51.000000	48.690569
51.000000	49.026211
51.000000	50.247442
51.000000	52.147546
51.000000	53.899846
51.000000	54.808603
51.000000	54.959579
51.000000	55.127925
51.000000	56.082061
51.000000	57.855848
51.000000	59.746209
51.000000	60.918480
51.000000	61.237372
51.000000	61.280275
51.000000	62.044773
52.000000	63.128856
52.000000	0.504392
52.000000	2.484220
52.000000	4.041857
52.000000	4.712193
52.000000	4.771831
52.000000	5.098929
52.000000	6.300872
52.000000	8.197624
52.000000	9.958076
52.000000	10.885778
52.000000	11.042521
52.000000	11.204917
52.000000	12.139388
52.000000	13.906738
52.000000	15.798404
52.000000	16.994665
52.000000	17.312412
52.000000	17.378646
52.000000	18.049482
52.000000	19.627047
52.000000	21.578163
52.000000	23.027679
52.000000	23.560319
52.000000	23.604914
52.000000	24.038012
52.000000	25.379826
52.000000	27.314375
52.000000	28.981324
52.000000	29.765879
52.000000	29.864894
52.000000	30.105235
52.000000	31.183995
52.000000	33.027375
52.000000	34.858535
52.000000	35.912028
52.000000	36.137127
52.000000	36.245098
52.000000	37.054410
52.000000	38.739324
52.000000	40.668353
52.000000	41.986422
52.000000	42.399185
52.000000	42.445761
52.000000	43.000650
52.000000	44.472474
52.000000	46.425176
52.000000	47.982449
52.000000	48.629430
52.000000	48.690569
52.000000	49.026211
52.000000	50.247442
52.000000	52.147546
52.000000	53.899846
52.000000	54.808603
52.000000	54.959579
52.000000	55.127925
52.000000	56.082061
52.000000	57.855848
52.000000	59.746209
52.000000	60.918480
52.000000	61.237372
52.000000	61.280275
52.000000	62.044773
53.000000	63.128856
53.000000	0.504392
53.000000	2.484220
53.000000	4.041857
53.000000	4.712193
53.000000	4.771831
53.000000	5.098929
53.000000	6.300872
53.000000	8.197624
53.000000	9.958076
53.000000	10.885778
53.000000	11.042521
53.000000	11.204917
53.000000	12.139388
53.000000	13.906738
53.000000	15.798404
53.000000	16.994665
53.000000	17.312412
53.000000	17.378646
53.000000	18.049482
53.000000	19.627047
53.000000	21.578163
53.000000	23.027679
53.000000	23.560319
53.000000	23.604914
53.000000	24.038012
53.000000	25.379826
53.000000	27.314375
53.000000	28.981324
53.000000	29.765879
53.000000	29.864894
53.000000	30.105235
53.000000	31.183995
53.000000	33.027375
53.000000	34.858535
53.000000	35.912028
53.000000	36.137127
53.000000	36.245098
53.000000	37.054410
53.000000	38.739324
53.000000	40.668353
53.000000	41.986422
53.000000	42.399185
53.000000	42.445761
53.000000	43.000650
53.000000	44.472474
53.000000	46.425176
53.000000	47.982449
53.000000	48.629430
53.000000	48.690569
53.000000	49.026211
53.000000	50.247442
53.000000	52.147546
53.000000	53.899846
53.000000	54.808603
53.000000	54.959579
53.000000	55.127925
53.000000	56.082061
53.000000	57.855848
53.000000	59.746209
53.000000	60.918480
53.000000	61.237372
53.000000	61.280275
53.000000	62.044773
54.000000	63.128856
54.000000	0.504392
54.000000	2.484220
54.000000	4.041857
54.000000	4.712193
54.000000	4.771831
54.000000	5.098929
54.000000	6.300872
54.000000	8.197624
54.000000	9.958076
54.000000	10.885778
54.000000	11.042521
54.000000	11.204917
54.000000	12.139388
54.000000	13.906738
54.000000	15.798404
54.000000	16.994665
54.000000	17.312412
54.000000	17.378646
54.000000	18.049482
54.000000	19.627047
54.000000	21.578163
54.000000	23.027679
54.000000	23.560319
54.000000	23.604914
54.000000	24.038012
54.000000	25.379826
54.000000	27.314375
54.000000	28.981324
54.000000	29.765879
54.000000	29.864894
54.000000	30.105235
54.000000	31.183995
54.000000	33.027375
54.000000	34.858535
54.000000	35.912028
54.000000	36.137127
54.000000	36.245098
54.000000	37.054410
54.000000	38.739324
54.000000	40.668353
54.000000	41.986422
54.000000	42.399185
54.000000	42.445761
54.000000	43.000650
54.000000	44.472474
54.000000	46.425176
54.000000	47.982449
54.000000	48.629430
54.000000	48.690569
54.000000	49.026211
54.000000	50.247442
54.000000	52.147546
54.000000	53.899846
54.000000	54.808603
54.000000	54.959579
54.000000	55.127925
54.000000	56.082061
54.000000	57.855848
54.000000	59.746209
54.000000	60.918480
54.000000	61.237372
54.000000	61.280275
54.000000	62.044773
55.000000	63.128856
55.000000	0.504392
55.000000	2.484220
55.000000	4.041857
55.000000	4.712193
55.000000	4.771831
55.000000	5.098929
55.000000	6.300872
55.000000	8.197624
55.000000	9.958076
55.000000	10.885778
55.000000	11.042521
55.000000	11.204917
55.000000	12.139388
55.000000	13.906738
55.000000	15.798404
55.000000	16.994665
55.000000	17.312412
55.000000	17.378646
55.000000	18.049482
55.000000	19.627047
55.000000	21.578163
55.000000	23.027679
55.000000	23.560319
55.000000	23.604914
55.000000	24.038012
55.000000	25.379826
55.000000	27.314375
55.000000	28.981324
55.000000	29.765879
55.000000	29.864894
55.000000	30.105235
55.000000	31.183995
55.000000	33.027375
55.000000	34.858535
55.000000	35.912028
55.000000	36.137127
55.000000	36.245098
55.000000	37.054410
55.000000	38.739324
55.000000	40.668353
55.000000	41.986422
55.000000	42.399185
55.000000	42.445761
55.000000	43.000650
55.000000	44.472474
55.000000	46.425176
55.000000	47.982449
55.000000	48.629430
55.000000	48.690569
55.000000	49.026211
55.000000	50.247442
55.000000	52.147546
55.000000	53.899846
55.000000	54.808603
55.000000	54.959579
55.000000	55.127925
55.000000	56.082061
55.000000	57.855848
55.000000	59.746209
55.000000	60.918480
55.000000	61.237372
55.000000	61.280275
55.000000	62.044773
56.000000	63.128856
56.000000	0.504392
56.000000	2.484220
56.000000	4.041857
56.000000	4.712193
56.000000	4.771831
56.000000	5.098929
56.000000	6.300872
56.000000	8.197624
56.000000	9.958076
56.000000	10.885778
56.000000	11.042521
56.000000	11.204917
56.000000	12.139388
56.000000	13.906738
56.000000	15.798404
56.000000	16.994665
56.000000	17.312412
56.000000	17.378646
56.000000	18.049482
56.000000	19.627047
56.000000	21.578163
56.000000	23.027679
56.000000	23.560319
56.000000	23.604914
56.000000	24.038012
56.000000	25.379826
56.000000	27.314375
56.000000	28.981324
56.000000	29.765879
56.000000	29.864894
56.000000	30.105235
56.000000	31.183995
56.000000	33.027375
56.000000	34.858535
56.000000	35.912028
56.000000	36.137127
56.000000	36.245098
56.000000	37.054410
56.000000	38.739324
56.000000	40.668353
56.000000	41.986422
56.000000	42.399185
56.000000	42.445761
56.000000	43.000650
56.000000	44.472474
56.000000	46.425176
56.000000	47.982449
56.000000	48.629430
56.000000	48.690569
56.000000	49.026211
56.000000	50.247442
56.000000	52.147546
56.000000	53.899846
56.000000	54.808603
56.000000	54.959579
56.000000	55.127925
56.000000	56.082061
56.000000	57.855848
56.000000	59.746209
56.000000	60.918480
56.000000	61.237372
56.000000	61.280275
56.000000	62.044773
57.000000	63.128856
57.000000	0.504392
57.000000	2.484220
57.000000	4.041857
57.000000	4.712193
57.000000	4.771831
57.000000	5.098929
57.000000	6.300872
57.000000	8.197624
57.000000	9.958076
57.000000	10.885778
57.000000	11.042521
57.000000	11.204917
57.000000	12.139388
57.000000	13.906738
57.000000	15.798404
57.000000	16.994665
57.000000	17.312412
57.000000	17.378646
57.000000	18.049482
57.000000	19.627047
57.000000	21.578163
57.000000	23.027679
57.000000	23.560319
57.000000	23.604914
57.000000	24.038012
57.000000	25.379826
57.000000	27.314375
57.000000	28.981324
57.000000	29.765879
57.000000	29.864894
57.000000	30.105235
57.000000	31.183995
57.000000	33.027375
57.000000	34.858535
57.000000	35.912028
57.000000	36.137127
57.000000	36.245098
57.000000	37.054410
57.000000	38.739324
57.000000	40.668353
57.000000	41.986422
57.000000	42.399185
57.000000	42.445761
57.000000	43.000650
57.000000	44.472474
57.000000	46.425176
57.000000	47.982449
57.000000	48.629430
57.000000	48.690569
57.000000	49.026211
57.000000	50.247442
57.000000	52.147546
57.000000	53.899846
57.000000	54.808603
57.000000	54.959579
57.000000	55.127925
57.000000	56.082061
57.000000	57.855848
57.000000	59.746209
57.000000	60.918480
57.000000	61.237372
57.000000	61.280275
57.000000	62.044773
58.000000	63.128856
58.000000	0.504392
58.000000	2.484220
58.000000	4.041857
58.000000	4.712193
58.000000	4.771831
58.000000	5.098929
58.000000	6.300872
58.000000	8.197624
58.000000	9.958076
58.000000	10.885778
58.000000	11.042521
58.000000	11.204917
58.000000	12.139388
58.000000	13.906738
58.000000	15.798404
58.000000	16.994665
58.000000	17.312412
58.000000	17.378646
58.000000	18.049482
58.000000	19.627047
58.000000	21.578163
58.000000	23.027679
58.000000	23.560319
58.000000	23.604914
58.000000	24.038012
58.000000	25.379826
58.000000	27.314375
58.000000	28.981324
58.000000	29.765879
58.000000	29.864894
58.000000	30.105235
58.000000	31.183995
58.000000	33.027375
58.000000	34.858535
58.000000	35.912028
58.000000	36.137127
58.000000	36.245098
58.000000	37.054410
58.000000	38.739324
58.000000	40.668353
58.000000	41.986422
58.000000	42.399185
58.000000	42.445761
58.000000	43.000650
58.000000	44.472474
58.000000	46.425176
58.000000	47.982449
58.000000	48.629430
58.000000	48.690569
58.000000	49.026211
58.000000	50.247442
58.000000	52.147546
58.000000	53.899846
58.000000	54.808603
58.000000	54.959579
58.000000	55.127925
58.000000	56.082061
58.000000	57.855848
58.000000	59.746209
58.000000	60.918480
58.000000	61.237372
58.000000	61.280275
58.000000	62.044773
59.000000	63.128856
59.000000	0.504392
59.000000	2.484220
59.000000	4.041857
59.000000	4.712193
59.000000	4.771831
59.000000	5.098929
59.000000	6.300872
59.000000	8.197624
59.000000	9.958076
59.000000	10.885778
59.000000	11.042521
59.000000	11.204917
59.000000	12.139388
59.000000	13.906738
59.000000	15.798404
59.000000	16.994665
59.000000	17.312412
59.000000	17.378646
59.000000	18.049482
59.000000	19.627047
59.000000	21.578163
59.000000	23.027679
59.000000	23.560319
59.000000	23.604914
59.000000	24.038012
59.000000	25.379826
59.000000	27.314375
59.000000	28.981324
59.000000	29.765879
59.000000	29.864894
59.000000	30.105235
59.000000	31.183995
59.000000	33.027375
59.000000	34.858535
59.000000	35.912028
59.000000	36.137127
59.000000	36.245098
59.000000	37.054410
59.000000	38.739324
59.000000	40.668353
59.000000	41.986422
59.000000	42.399185
59.000000	42.445761
59.000000	43.000650
59.000000	44.472474
59.000000	46.425176
59.000000	47.982449
59.000000	48.629430
59.000000	48.690569
59.000000	49.026211
59.000000	50.247442
59.000000	52.147546
59.000000	53.899846
59.000000	54.808603
59.000000	54.959579
59.000000	55.127925
59.000000	56.082061
59.000000	57.855848
59.000000	59.746209
59.000000	60.918480
59.000000	61.237372
59.000000	61.280275
59.000000	62.044773
60.000000	63.128856
60.000000	0.504392
60.000000	2.484220
60.000000	4.041857
60.000000	4.712193
60.000000	4.771831
60.000000	5.098929
60.000000	6.300872
60.000000	8.197624
60.000000	9.958076
60.000000	10.885778
60.000000	11.042521
60.000000	11.204917
60.000000	12.139388
60.000000	13.906738
60.000000	15.798404
60.000000	16.994665
60.000000	17.312412
60.000000	17.378646
60.000000	18.049482
60.000000	19.627047
60.000000	21.578163
60.000000	23.027679
60.000000	23.560319
60.000000	23.604914
60.000000	24.038012
60.000000	25.379826
60.000000	27.314375
60.000000	28.981324
60.000000	29.765879
60.000000	29.864894
60.000000	30.105235
60.000000	31.183995
60.000000	33.027375
60.000000	34.858535
60.000000	35.912028
60.000000	36.137127
60.000000	36.245098
60.000000	37.054410
60.000000	38.739324
60.000000	40.668353
60.000000	41.986422
60.000000	42.399185
60.000000	42.445761
60.000000	43.000650
60.000000	44.472474
60.000000	46.425176
60.000000	47.982449
60.000000	48.629430
60.000000	48.690569
60.000000	49.026211
60.000000	50.247442
60.000000	52.147546
60.000000	53.899846
60.000000	54.808603
60.000000	54.959579
60.000000	55.127925
60.000000	56.082061
60.000000	57.855848
60.000000	59.746209
60.000000	60.918480
60.000000	61.237372
60.000000	61.280275
60.000000	62.044773
61.000000	63.128856
61.000000	0.504392
61.000000	2.484220
61.000000	4.041857
61.000000	4.712193
61.000000	4.771831
61.000000	5.098929
61.000000	6.300872
61.000000	8.197624
61.000000	9.958076
61.000000	10.885778
61.000000	11.042521
61.000000	11.204917
61.000000	12.139388
61.000000	13.906738
61.000000	15.798404
61.000000	16.994665
61.000000	17.312412
61.000000	17.378646
61.000000	18.049482
61.000000	19.627047
61.000000	21.578163
61.000000	23.027679
61.000000	23.560319
61.000000	23.604914
61.000000	24.038012
61.000000	25.379826
61.000000	27.314375
61.000000	28.981324
61.000000	29.765879
61.000000	29.864894
61.000000	30.105235
61.000000	31.183995
61.000000	33.027375
61.000000	34.858535
61.000000	35.912028
61.000000	36.137127
61.000000	36.245098
61.000000	37.054410
61.000000	38.739324
61.000000	40.668353
61.000000	41.986422
61.000000	42.399185
61.000000	42.445761
61.000000	43.000650
61.000000	44.472474
61.000000	46.425176
61.000000	47.982449
61.000000	48.629430
61.000000	48.690569
61.000000	49.026211
61.000000	50.247442
61.000000	52.147546
61.000000	53.899846
61.000000	54.808603
61.000000	54.959579
61.000000	55.127925
61.000000	56.082061
61.000000	57.855848
61.000000	59.746209
61.000000	60.918480
61.000000	61.237372
61.000000	61.280275
61.000000	62.044773
62.000000	63.128856
62.000000	0.504392
62.000000	2.484220
62.000000	4.041857
62.000000	4.712193
62.000000	4.771831
62.000000	5.098929
62.000000	6.300872
62.000000	8.197624
62.000000	9.958076
62.000000	10.885778
62.000000	11.042521
62.000000	11.204917
62.000000	12.139388
62.000000	13.906738
62.000000	15.798404
62.000000	16.994665
62.000000	17.312412
62.000000	17.378646
62.000000	18.049482
62.000000	19.627047
62.000000	21.578163
62.000000	23.027679
62.000000	23.560319
62.000000	23.604914
62.000000	24.038012
62.000000	25.379826
62.000000	27.314375
62.000000	28.981324
62.000000	29.765879
62.000000	29.864894
62.000000	30.105235
62.000000	31.183995
62.000000	33.027375
62.000000	34.858535
62.000000	35.912028
62.000000	36.137127
62.000000	36.245098
62.000000	37.054410
62.000000	38.739324
62.000000	40.668353
62.000000	41.986422
62.000000	42.399185
62.000000	42.445761
62.000000	43.000650
62.000000	44.472474
62.000000	46.425176
62.000000	47.982449
62.000000	48.629430
62.000000	48.690569
62.000000	49.026211
62.000000	50.247442
62.000000	52.147546
62.000000	53.899846
62.000000	54.808603
62.000000	54.959579
62.000000	55.127925
62.000000	56.082061
62.000000	57.855848
62.000000	59.746209
62.000000	60.918480
62.000000	61.237372
62.000000	61.280275
62.000000	62.044773
63.000000	63.128856
63.000000	0.504392
63.000000	2.484220
63.000000	4.041857
63.000000	4.712193
63.000000	4.771831
63.000000	5.098929
63.000000	6.300872
63.000000	8.197624
63.000000	9.958076
63.000000	10.885778
63.000000	11.042521
63.000000	11.204917
63.000000	12.139388
63.000000	13.906738
63.000000	15.798404
63.000000	16.994665
63.000000	17.312412
63.000000	17.378646
63.000000	18.049482
63.000000	19.627047
63.000000	21.578163
63.000000	23.027679
63.000000	23.560319
63.000000	23.604914
63.000000	24.038012
63.000000	25.379826
63.000000	27.314375
63.000000	28.981324
63.000000	29.765879
63.000000	29.864894
63.000000	30.105235
63.000000	31.183995
63.000000	33.027375
63.000000	34.858535
63.000000	35.912028
63.000000	36.137127
63.000000	36.245098
63.000000	37.054410
63.000000	38.739324
63.000000	40.668353
63.000000	41.986422
63.000000	42.399185
63.000000	42.445761
63.000000	43.000650
63.000000	44.472474
63.000000	46.425176
63.000000	47.982449
63.000000	48.629430
63.000000	48.690569
63.000000	49.026211
63.000000	50.247442
63.000000	52.147546
63.000000	53.899846
63.000000	54.808603
63.000000	54.959579
63.000000	55.127925
63.000000	56.082061
63.000000	57.855848
63.000000	59.746209
63.000000	60.918480
63.000000	61.237372
63.000000	61.280275
63.000000	62.044773
