# This file contains positions of particles in units [Mpc/h].
0.118455	4.468365
0.941479	12.240345
0.491624	16.463583
1.095312	39.951955
0.179916	63.838614
0.513227	66.343170
1.140404	70.611779
0.118061	91.527968
1.134089	115.292713
3.677672	0.578212
3.520263	4.029035
3.777227	8.126886
2.593944	13.092145
2.448820	14.801841
1.636341	20.779822
2.204816	27.882684
3.082336	39.172122
3.647960	47.021467
2.766367	51.481993
3.221669	54.007419
4.369223	59.043082
2.583236	64.147098
3.015081	67.290130
4.793824	71.571785
4.687099	73.354853
4.279945	80.883637
3.419939	89.620542
3.495335	91.095622
4.878652	97.011237
2.552238	100.835177
3.376678	106.077011
4.657298	109.973301
4.372028	112.449615
4.548507	116.341798
5.445977	120.032478
4.806261	125.575469
4.399802	127.320676
6.708433	0.696710
8.695071	5.342238
8.463857	7.482689
7.149230	11.163418
6.866031	15.581087
7.956308	20.378513
6.081170	25.428330
6.704157	27.869101
7.100147	33.153025
8.469161	38.777884
7.525804	43.269715
7.449123	47.683626
8.412808	51.464882
9.099316	54.959736
9.020653	58.378023
8.945299	63.204899
9.070949	68.108168
6.974947	71.013499
7.648285	74.612966
9.181681	80.067818
9.813808	95.636975
9.570536	100.950388
9.635399	106.012191
6.533195	108.497027
7.185131	113.487857
7.443023	116.701115
8.878499	120.866558
7.773215	124.308095
6.519606	37.571366
7.676542	48.694176
10.461026	2.487379
9.714966	4.472159
8.946863	6.893837
9.491650	11.941541
10.248859	15.741650
10.780005	20.549297
11.440911	24.560398
11.015133	29.219679
10.765226	32.132124
10.174243	37.127598
10.669734	39.614125
12.058500	52.363837
12.324188	55.306980
13.843324	59.320007
14.075068	63.028699
12.998687	67.010667
13.673701	70.275358
14.259195	95.961427
14.743653	100.678683
11.974504	103.722110
13.609447	108.494027
12.847198	113.309887
13.007498	117.681871
12.928943	120.428290
13.329669	125.241070
14.596147	0.516603
12.366438	3.176566
13.265919	8.519529
13.792828	12.013667
15.087183	17.958914
16.648901	20.857462
15.536555	24.487320
14.633897	27.816047
13.747257	31.696167
14.675619	37.954382
15.765219	40.855610
15.763153	47.656640
16.292307	50.481984
16.816756	57.081077
16.338674	59.077083
15.254662	62.961854
16.472845	72.383321
19.009827	75.083422
18.844960	79.487798
19.872995	84.123891
16.019178	93.985344
16.522835	97.420092
16.690363	99.124474
18.226058	104.934763
18.013724	108.321618
16.880262	112.610716
17.576283	118.062104
17.213057	119.837101
17.281015	125.273275
15.350320	39.426280
16.948607	46.096062
20.012102	3.356255
19.103869	8.266037
20.442640	13.835153
20.730291	17.423758
19.641335	21.572900
20.895825	22.675073
18.348872	27.644935
21.549500	33.690403
21.777078	37.417475
18.780220	39.688711
19.843220	45.611698
20.456339	48.084028
19.299426	50.947559
19.483308	57.080029
19.505891	57.862338
21.271037	64.586764
21.968639	67.463775
22.717051	72.565726
22.021887	76.746235
24.026838	79.390081
22.090041	83.684952
22.987559	88.540649
22.406574	91.960530
21.248767	96.701403
21.365075	100.833466
21.200826	105.084983
20.003519	106.744174
19.644750	112.579491
18.873165	118.126489
19.770597	120.766227
21.468697	125.225938
20.023311	126.942812
24.735623	2.343350
25.181132	8.789610
24.976203	14.556186
25.757579	17.791499
26.248605	21.897667
26.217686	23.605006
28.242802	27.403655
26.765752	34.130039
26.108895	36.727148
26.709014	38.920273
25.674654	45.629855
24.217563	46.600360
23.595363	50.093829
21.917824	56.415846
23.441464	61.373328
26.292627	65.364425
26.451455	67.775429
25.671080	71.559850
25.947162	77.557626
25.452747	79.429546
25.909322	82.757288
25.016540	88.763543
23.887174	91.162038
26.618106	98.156043
26.662451	99.268620
25.157957	104.066101
24.537543	106.751126
26.426605	113.089090
26.083815	116.857428
25.063051	122.287375
23.622714	124.375009
25.425448	127.705681
24.940415	65.648663
28.262499	117.384230
29.223813	3.609042
30.679550	8.793798
29.563107	13.601758
28.343534	18.462132
27.648313	21.168880
29.034310	25.869962
29.921639	28.110470
30.744167	32.113635
28.751560	36.291636
28.084268	40.103534
29.575133	43.540866
27.937221	46.110049
28.344131	50.278089
29.547568	56.424604
29.807496	61.794263
28.438762	66.272448
29.213744	67.571035
29.848055	72.018457
28.709715	76.550725
27.572583	79.184952
28.624988	83.503222
28.016888	87.243546
30.313224	93.385393
28.525729	97.593618
28.482717	100.381112
29.770277	102.643368
29.046650	107.302253
28.803022	113.855423
28.481940	115.915156
27.259737	120.573289
29.451780	69.130723
32.250055	90.551547
31.574598	96.913849
33.525948	7.737315
31.923570	12.622321
31.613468	16.484688
30.803983	21.886486
31.885904	26.641242
32.270845	29.115390
33.534588	32.638312
32.933098	33.848965
32.432392	41.061821
31.819806	43.578514
31.122547	44.944538
30.797583	51.373379
32.359655	57.811928
33.396106	62.208169
34.050181	65.095166
32.580189	68.446516
32.696862	71.941906
34.015476	80.406520
33.084508	82.411757
32.873904	89.087634
31.668921	92.981814
31.631715	103.760332
32.060066	105.635602
30.139927	113.274412
29.646868	115.202636
31.642120	123.138758
36.085421	31.732636
37.047609	39.963046
37.217937	82.932005
34.827406	122.891393
36.738707	0.260550
36.467840	5.402196
34.354655	7.303707
35.816301	12.921181
35.961357	16.694642
36.446424	21.742328
36.160804	27.357989
36.212031	29.544073
35.096805	32.295576
35.762019	34.046710
36.024015	40.515875
34.980024	41.987301
35.763717	45.830995
38.383990	53.040750
37.949887	57.333110
36.837394	62.173745
37.370228	65.863874
37.887985	67.239201
37.496379	71.890628
37.334545	75.595027
35.057044	80.533735
36.258083	81.949262
34.736680	87.765410
35.297751	92.752904
36.444924	100.546465
36.075163	103.230369
35.756155	105.836339
35.571501	111.134157
35.129146	116.566589
33.988685	122.718070
35.086542	31.497212
36.118657	34.367881
39.271284	93.740834
39.958465	97.190444
39.506544	0.882319
38.792113	3.415534
40.350623	8.905694
40.500204	12.782817
38.758692	16.590483
40.044870	22.314510
38.721386	26.176377
37.641073	28.703062
37.436313	32.418003
38.704426	35.519490
39.126612	39.474299
40.072975	43.195904
41.052691	47.250158
40.559047	53.226560
40.198860	56.285085
42.333542	62.958921
41.851257	65.202080
40.897382	67.317765
40.666767	71.677592
40.661901	74.366325
40.849501	79.604312
39.477634	82.821880
40.565333	86.613407
39.674637	93.883368
40.679489	96.936093
39.919607	101.582037
40.372023	102.661106
40.406290	106.084985
40.474611	110.488768
40.059664	115.591236
39.803330	121.709633
38.348934	126.458553
38.831132	127.908239
39.486084	102.988714
46.298819	4.781646
44.965096	8.331002
45.108984	12.618546
46.385517	15.933058
44.410447	22.174493
44.482594	24.345172
42.951256	28.209110
44.514572	33.713410
43.884027	34.812910
42.946315	40.841345
44.100208	43.161674
44.753211	48.203575
45.806390	52.494576
45.726757	58.459925
46.027930	62.655108
43.950818	63.592722
45.252370	68.384503
45.341199	70.672982
44.664719	75.587413
43.876164	78.076807
43.080657	82.155787
43.053918	87.512594
42.633748	97.387112
43.412393	100.848448
42.329935	102.881113
43.240909	106.165022
43.109171	110.899630
42.136557	119.419704
41.824502	126.735738
49.528603	0.841000
49.369240	4.835850
50.346875	7.764408
50.078707	13.760731
49.979607	15.743411
49.497911	20.091309
47.718292	24.965374
49.448229	27.854551
47.315431	33.483595
47.398068	34.522550
48.423100	40.524471
47.674957	45.083201
49.071873	51.349684
47.985342	58.343837
47.485829	62.323656
49.324021	63.535310
47.284120	68.447570
47.174953	70.637897
46.723703	73.347032
46.365090	78.386388
46.985791	82.274151
48.614309	89.339566
47.368529	91.441713
46.202480	96.672775
45.961887	101.250297
47.050681	103.079672
47.246474	106.705587
48.230490	110.711284
46.495024	115.305430
46.513222	127.059595
47.844196	49.302732
46.831651	68.353752
47.145092	70.198465
50.871941	88.739879
53.257292	5.700968
52.594184	7.927635
52.776932	12.607282
50.830352	15.599484
51.610533	19.878903
51.681287	24.273971
51.251386	29.095263
52.713815	36.906834
53.327025	39.590583
53.200762	44.964378
52.539989	52.112002
53.291304	56.708461
52.538879	62.878881
51.394058	63.423523
51.724701	66.924595
50.542385	70.260990
50.617548	74.540134
51.685086	77.998050
51.063693	83.134333
50.162283	88.586848
49.943974	90.657089
50.008392	96.228018
49.668175	101.355050
49.433874	103.535821
51.280784	108.595584
53.123588	111.149823
53.741390	114.833792
53.028194	120.005122
52.553464	123.883410
51.074392	63.825306
56.849067	4.266154
56.737647	8.626029
56.908385	12.732668
57.622674	14.526897
55.636661	20.234199
55.409489	24.063492
56.038674	28.545810
54.845899	32.690891
55.382880	36.987591
56.898678	40.842183
57.323231	44.562303
58.623915	48.446226
55.946649	52.693448
56.562304	57.911067
55.203844	61.128381
55.059720	63.569378
54.754064	66.375380
53.810590	69.437283
54.765957	74.915613
54.216902	78.473704
54.980911	82.126410
53.550539	87.640666
54.391412	92.496163
56.859802	96.167409
55.076079	100.349369
55.871636	105.109619
56.310842	109.713917
55.656554	111.819884
56.028058	114.538202
55.440469	118.252631
55.850742	125.535526
53.970839	67.005366
60.262203	2.075783
60.144433	5.441800
59.870365	6.801464
58.553350	13.102413
59.278017	14.968804
59.173785	17.728844
59.263622	25.746657
60.183365	28.942490
60.490006	31.102353
61.500046	38.643202
61.021463	40.231351
61.041288	46.021350
61.201103	48.097522
61.864596	51.174983
60.072911	56.376471
57.990178	60.139137
58.196728	64.539761
57.837996	65.169950
59.563209	72.382366
60.364429	75.078518
60.508019	78.255861
60.387655	82.817988
60.847660	86.143943
60.317633	93.752840
59.198085	95.864302
59.066181	99.546224
58.566652	105.044296
57.308887	109.171987
57.845414	112.043402
59.061583	115.601758
60.943191	119.282531
61.013560	125.023325
59.224942	5.915504
57.735012	61.838841
63.437640	125.427508
64.228812	0.942894
61.267286	4.128297
62.347065	7.976306
63.357350	12.703482
62.734111	15.545612
63.755892	18.355867
63.532768	25.871928
63.797504	28.994366
65.257169	34.025808
65.645569	38.260164
65.959238	39.990131
65.123840	45.356943
65.015700	49.027729
64.799183	51.059579
65.020941	56.270995
65.821866	58.356964
62.629417	62.957276
64.005131	66.706038
62.544739	70.318852
60.924755	75.392471
62.436275	79.341428
62.421824	82.564890
64.505058	88.370791
64.534422	91.805912
63.704410	100.226827
64.062383	104.048257
64.924127	108.184177
63.690659	113.738499
63.901307	116.465571
64.455936	119.972578
63.963188	124.787514
63.385659	0.082282
62.893879	5.061151
64.166177	50.731687
63.475279	55.272781
63.214045	58.461280
68.960004	8.873626
66.946086	11.321242
67.697508	17.033849
68.110904	17.871949
68.057401	30.627207
68.030426	32.779857
66.923343	38.549421
67.496832	41.063221
67.344020	49.011103
67.626824	50.295028
67.012287	57.100419
66.930863	58.254004
67.971585	62.049931
66.606481	66.322103
66.927460	68.860167
68.590554	76.357573
66.177288	79.134080
67.797496	84.524800
67.860175	88.714652
68.435451	91.894637
68.979048	95.704261
68.916225	99.459266
67.579695	105.004252
68.854864	109.531150
69.088496	110.913886
67.438278	117.547514
68.745148	120.371608
68.243552	123.665782
66.615642	48.705202
68.193758	56.305350
68.520231	58.494911
68.428298	62.113598
73.273515	0.640658
72.685956	2.992700
72.663435	16.940292
73.264629	18.777655
73.959435	24.284367
71.766434	30.393697
72.192421	33.340276
72.302827	37.815934
71.979810	41.831477
70.338310	51.343565
70.947621	55.806986
70.407239	58.865599
71.023473	61.958337
70.552909	65.431598
71.486095	71.466218
70.786140	74.316021
72.315718	80.584618
72.386341	84.237077
71.696056	88.725520
72.055734	92.820621
71.701037	95.289218
71.321442	99.033258
71.921787	103.634015
70.023529	109.664898
70.154003	111.804934
72.348300	116.635179
70.179283	120.313606
70.942849	124.109799
69.481693	109.636397
76.025124	3.582360
77.483755	9.023774
75.888634	11.250942
77.193063	16.133271
75.889980	19.158789
76.178841	24.120259
76.447158	30.169952
76.627551	33.569483
76.753137	37.414180
75.008781	41.067858
74.799521	43.589521
74.917624	50.705959
73.211815	55.671853
73.934304	59.591235
74.486903	62.381576
75.724045	66.394369
75.974999	70.153690
75.589002	83.130564
76.271001	89.018401
75.769200	91.794879
75.851239	95.457217
76.442950	99.347167
75.793767	103.862625
75.312931	107.461066
74.733845	112.995074
73.807231	117.103001
75.091581	119.518975
74.312479	124.387169
75.771989	109.152494
79.251026	78.647227
79.564074	91.586584
80.333116	4.845720
80.173268	8.936466
81.901110	11.324584
81.517593	16.890982
82.783434	18.582850
80.916611	23.517058
78.720391	28.133628
78.125282	35.050660
79.696410	36.733837
78.872991	39.289868
78.360674	44.819133
78.933221	47.204827
78.079946	50.504208
79.106321	54.803875
78.330509	60.502456
78.816327	62.754581
78.272499	66.368090
78.322913	71.836180
79.815230	76.686535
78.825124	78.739463
79.090459	83.135532
78.874192	89.550025
79.715244	92.352906
79.551436	95.583830
79.487005	99.344334
79.834826	102.595369
80.732337	108.859350
80.809540	111.839849
80.976788	115.862119
77.609217	119.790701
80.084671	125.357482
78.779939	98.965235
83.150319	8.920016
82.877621	14.342959
84.500292	20.131209
81.764039	1.295685
83.848451	4.346776
83.330650	12.238181
84.701347	16.897160
84.468266	18.730902
83.885628	20.685583
84.149958	28.743200
83.994861	32.953896
81.645137	38.261299
83.103346	39.074012
82.254987	44.066953
80.865508	46.917875
82.217728	51.230496
82.460719	55.341987
82.137673	59.786669
82.168776	63.526577
83.884172	66.136664
84.274834	71.400582
82.672636	77.128516
84.586829	79.637744
85.133624	83.405736
84.736501	88.667840
82.735145	91.976318
82.500402	94.941283
82.080377	100.124073
84.219534	105.079935
84.056810	107.535986
83.700272	112.649641
83.473647	115.174804
85.709129	119.006134
84.061210	126.096171
84.744563	127.075046
86.378434	17.518469
88.845190	88.577896
86.937894	2.060847
85.920399	5.122613
85.407731	8.314427
86.282339	16.643857
86.012707	18.701382
88.205501	22.269104
89.385027	28.972828
88.848794	32.416538
88.526071	36.601881
85.483593	39.400355
85.706195	42.661504
86.591203	47.231310
86.375644	52.362763
86.206041	54.402380
86.109413	60.276565
85.800843	63.262800
86.349273	68.709522
87.245237	70.674818
87.611709	76.864006
86.877461	80.615866
88.850689	87.410018
88.282510	91.398504
88.619947	94.703513
89.706452	101.215598
88.462307	103.750974
87.012802	107.913100
86.984852	116.717794
88.738964	120.972783
88.872471	123.825325
91.633529	88.443977
91.693182	90.764836
92.222634	3.186944
92.799998	10.352571
91.887417	13.348162
91.651580	16.339912
92.897726	20.453281
93.555087	23.481363
93.021630	28.540044
93.429554	31.637300
91.110912	35.726566
91.470701	37.678683
90.090073	43.566003
90.818772	48.411224
91.552325	51.024199
90.632932	54.727928
89.675267	59.058155
89.775240	64.246306
90.374711	67.850927
89.996013	72.202069
91.761707	77.177160
91.727201	85.880971
92.783130	87.443941
92.333074	90.604405
92.752001	96.436565
93.556243	100.707024
92.734366	103.556795
93.906027	107.558095
92.096607	117.396516
91.089172	120.482556
92.565922	125.438756
93.431626	127.917252
98.139442	0.293165
98.734563	4.484919
97.550485	6.981386
96.584400	14.468809
97.671218	16.235518
95.937240	20.861857
96.587554	22.935715
94.878627	28.083732
95.298991	32.314074
95.765956	33.732677
95.639735	39.820087
96.258971	41.486454
94.905646	49.209608
94.024426	51.036269
94.513108	54.041716
94.462733	58.174659
94.575806	65.214720
94.563816	67.837081
94.726485	72.817613
94.964279	78.083710
96.467588	80.908834
95.062288	84.418783
94.713700	88.876555
96.464335	90.506864
97.443911	97.787975
96.798210	98.926335
95.474961	104.099609
94.879232	107.072098
95.242414	110.911191
96.984133	116.962202
97.481092	122.211483
97.905250	124.963494
94.647529	32.148586
102.245044	0.265637
100.774558	3.530267
102.427999	8.535408
102.508136	13.012636
99.777587	15.637531
101.302490	19.914802
99.354071	23.227406
100.508007	26.893542
98.384802	32.098498
99.983297	35.718216
99.993294	37.648015
99.803320	44.013502
100.979706	46.726176
99.756308	50.388491
99.864756	55.651026
100.549354	58.633451
101.509921	65.496556
101.362375	67.008886
99.653863	71.514167
99.051349	78.810180
98.583535	80.496877
98.506490	84.224720
100.193838	89.781039
101.406908	97.104020
100.425447	98.599589
102.099067	104.572484
102.860758	106.835090
103.255510	112.025690
102.023850	116.708640
100.251217	121.316915
99.097517	125.063544
104.986472	4.189857
104.832108	8.829730
103.942877	11.524892
105.387713	15.944910
105.355116	20.423257
105.346931	21.625741
102.935947	27.594156
103.961334	30.937493
102.556342	36.321773
103.618228	38.226739
103.780302	43.278092
103.534639	47.716055
105.832249	51.114743
105.127550	53.935422
104.018362	65.136669
103.146663	67.408240
106.247647	71.602503
105.603017	77.981795
106.193849	81.012623
107.113731	84.906476
105.599947	89.691320
106.114425	92.520741
105.395828	97.530766
106.505186	99.117645
106.218753	104.926882
106.391266	108.618494
107.381239	111.438898
106.650345	114.504599
105.391596	120.196851
105.127537	125.029227
109.542271	93.017547
110.011816	99.990433
108.448805	111.953169
108.760271	114.504759
107.618035	0.280883
107.381238	3.137029
107.778139	13.276417
108.715960	16.385456
108.135062	19.763783
107.952390	21.685099
109.198587	25.897667
107.409522	30.973502
107.073628	35.058050
106.273271	39.397966
108.612505	43.457716
108.775028	48.819609
107.963043	51.006255
108.590305	54.563686
107.761414	63.181451
108.739349	69.256879
109.319807	73.439238
110.588084	77.886925
110.681186	82.306561
110.675289	83.742016
110.495851	89.484366
110.929283	93.052225
110.296491	95.846443
110.718904	103.277235
108.935720	108.740514
109.285208	112.219324
109.463248	114.174806
109.682942	119.090075
107.243097	124.048911
108.299041	127.974924
109.761060	82.921099
113.200740	88.408830
112.828094	92.557371
113.983313	100.272795
113.501345	111.219708
113.248353	114.674230
112.522914	119.428374
112.655312	3.423254
113.042682	8.312547
111.022646	12.491959
110.526089	16.819118
112.283342	25.840418
112.367820	30.009355
111.140840	34.130094
112.663335	41.383277
112.624977	44.103617
112.275008	47.808969
111.500392	50.555799
112.039426	55.587529
113.612003	63.957629
113.863695	69.759577
113.703756	73.460489
113.921574	78.548764
112.896824	80.900032
112.063525	84.947689
113.333689	89.381814
112.060321	92.940316
112.362079	95.790944
113.005241	101.050117
112.847907	103.218410
113.656643	108.245955
112.364790	111.210631
111.534065	114.474089
113.334509	119.489633
113.963577	122.584489
116.786888	20.433697
117.189524	22.898222
117.672230	25.960942
117.197771	120.603696
117.226770	123.885174
114.845403	0.566402
116.095651	3.552893
115.178633	7.729732
116.213822	12.129880
116.683972	17.014838
117.469793	20.671095
116.782909	23.013587
117.213293	25.953118
116.610460	29.207334
117.426378	34.674799
114.961880	40.404072
115.032942	44.526607
115.576093	47.629385
116.142064	50.801335
116.938950	55.845907
117.818306	60.065657
119.242799	65.669434
119.378136	67.891085
117.498222	73.911177
117.236480	77.972108
117.114525	80.857454
117.901785	84.849189
116.872265	88.668521
116.608903	92.097432
115.762276	95.854445
115.617317	101.541784
116.842787	104.285318
116.908805	107.437440
115.519191	110.323461
116.944438	116.126078
116.688337	120.229610
117.058307	122.961650
117.174225	126.960516
117.163912	81.103189
119.572993	19.423761
119.262321	23.723172
119.504378	25.953998
120.532025	0.817399
120.797785	4.264544
120.869790	7.214231
119.963634	12.665886
119.880220	17.474273
118.882167	19.589000
118.742596	23.325739
118.989144	26.246427
121.076946	30.442010
121.371648	33.940797
122.189511	38.994722
120.040971	48.080901
121.464873	52.110508
121.757675	56.294190
122.123490	60.882976
121.931637	65.871275
121.653280	67.517848
120.868277	71.140540
119.785688	78.072714
119.862404	80.833400
119.504195	85.666325
121.227475	88.679783
121.054846	91.868360
121.494595	96.099099
121.618802	101.060666
121.187037	105.095996
121.320708	106.488463
121.226916	110.489688
120.459985	115.938706
119.433394	119.373870
119.227668	123.223868
118.804619	127.009208
125.053434	109.653071
124.183825	1.427646
124.723763	4.007428
123.209300	6.064988
122.152184	16.658834
123.736033	20.766821
124.972390	23.595196
125.263779	30.878693
126.017814	35.001631
125.938840	39.465684
126.559230	43.559353
126.447174	48.078663
126.112333	52.093305
126.085140	56.273707
126.374890	61.240352
124.839416	64.358942
123.628005	67.468154
125.719993	72.199853
125.819739	77.492407
125.383423	81.022561
125.535640	84.681370
122.809989	89.189678
123.925927	91.671509
123.025544	95.622535
123.082208	101.799788
124.224998	104.985955
124.493764	107.113049
125.734042	110.436258
124.335626	113.487103
122.696292	119.367503
123.067911	122.910340
123.428105	126.761880
125.097920	1.860282
123.542851	4.701428
123.614055	104.976913
127.860421	3.360630
127.226530	3.493516
126.722568	21.359281
127.610612	77.032728
127.840642	93.897625
127.194133	104.590302
127.169377	108.189026
127.276159	110.491941
127.616453	112.726266
127.350947	123.020908
